categorical_accuracy:[0.42047244, 0.48188975, 0.5032621, 0.52553433, 0.56175476, 0.5946007, 0.64769405, 0.7133858, 0.775703, 0.831946, 0.88773906, 0.91721034, 0.92868394, 0.9480315, 0.9559055, 0.96490437, 0.9592801, 0.959955, 0.9712036, 0.9779528, 0.9793026, 0.9802025, 0.9718785, 0.97615296, 0.97952753, 0.9849269, 0.9856018, 0.984252, 0.9865017, 0.9856018, 0.9871766, 0.98470193, 0.98605174, 0.98132735, 0.9894263, 0.98132735, 0.9905512, 0.9894263, 0.98537683, 0.98402697, 0.9871766, 0.9815523, 0.9898763, 0.9930259, 0.99190104, 0.9937008, 0.9952756, 0.99415076, 0.98762655, 0.98695165, 0.99167603, 0.98920137, 0.98695165, 0.992126, 0.9943757, 0.99482566, 0.9970754, 0.99392575, 0.98920137, 0.98920137]
val_categorical_accuracy:[0.21086262166500092, 0.49840256571769714, 0.5239616632461548, 0.5399361252784729, 0.5111821293830872, 0.5367411971092224, 0.5079872012138367, 0.530351459980011, 0.4792332351207733, 0.5431309938430786, 0.5015974640846252, 0.5015974640846252, 0.4696485698223114, 0.48562300205230713, 0.49840256571769714, 0.5143769979476929, 0.49201276898384094, 0.530351459980011, 0.49840256571769714, 0.4760383367538452, 0.49520766735076904, 0.48242810368537903, 0.5111821293830872, 0.4472843408584595, 0.530351459980011, 0.5239616632461548, 0.49201276898384094, 0.5015974640846252, 0.5143769979476929, 0.5271565318107605, 0.5079872012138367, 0.5175718665122986, 0.5207667946815491, 0.49201276898384094, 0.48562300205230713, 0.5239616632461548, 0.5367411971092224, 0.5015974640846252, 0.5367411971092224, 0.49840256571769714, 0.5015974640846252, 0.5143769979476929, 0.48881790041923523, 0.5367411971092224, 0.5079872012138367, 0.5111821293830872, 0.48562300205230713, 0.5143769979476929, 0.48881790041923523, 0.5015974640846252, 0.504792332649231, 0.49201276898384094, 0.4664536714553833, 0.504792332649231, 0.5143769979476929, 0.48242810368537903, 0.504792332649231, 0.5111821293830872, 0.4760383367538452, 0.5015974640846252]
