categorical_accuracy:[0.41632372, 0.4922268, 0.5185185, 0.5500686, 0.57796067, 0.5973937, 0.6486054, 0.71467763, 0.7887517, 0.8424783, 0.8925469, 0.91449475, 0.9339278, 0.95313215, 0.9421582, 0.96479195, 0.97325104, 0.9698217, 0.9709648, 0.976909, 0.96753544, 0.97736627, 0.9782807, 0.9682213, 0.984225, 0.98856884, 0.9915409, 0.98285323, 0.9846822, 0.98651123, 0.9855967, 0.9830818, 0.98696846, 0.9903978, 0.976909, 0.98605394, 0.98010975, 0.9826246, 0.99016917, 0.9887974, 0.9915409, 0.98216736, 0.9915409, 0.98902607, 0.99291265, 0.9913123, 0.99291265, 0.98491085, 0.99291265, 0.9915409, 0.99016917, 0.9922268, 0.9940558, 0.9871971, 0.9876543, 0.9940558, 0.9983996, 0.99268407, 0.9940558, 0.99291265]
val_categorical_accuracy:[0.44011977314949036, 0.413173645734787, 0.3203592896461487, 0.5, 0.473053902387619, 0.41017964482307434, 0.47604790329933167, 0.514970064163208, 0.428143709897995, 0.538922131061554, 0.5029940009117126, 0.5029940009117126, 0.4910179674625397, 0.455089807510376, 0.48203593492507935, 0.44610777497291565, 0.48203593492507935, 0.4910179674625397, 0.45209580659866333, 0.470059871673584, 0.470059871673584, 0.455089807510376, 0.46706587076187134, 0.4790419042110443, 0.47604790329933167, 0.4790419042110443, 0.48203593492507935, 0.473053902387619, 0.529940128326416, 0.5209580659866333, 0.488023966550827, 0.5, 0.48203593492507935, 0.5029940009117126, 0.4940119683742523, 0.5179640650749207, 0.5089820623397827, 0.5029940009117126, 0.4790419042110443, 0.48203593492507935, 0.48203593492507935, 0.48203593492507935, 0.443113774061203, 0.48203593492507935, 0.4940119683742523, 0.455089807510376, 0.5089820623397827, 0.4940119683742523, 0.48203593492507935, 0.4790419042110443, 0.4491018056869507, 0.45209580659866333, 0.458083838224411, 0.473053902387619, 0.473053902387619, 0.485029935836792, 0.470059871673584, 0.5059880018234253, 0.470059871673584, 0.470059871673584]
