accuracy:54.001323611264915
actualdf_whole:85.8422286049746
