accuracy:53.8645403646232
actualdf_whole:62.32899483998603
