accuracy:53.617944739466154
actualdf_whole:56.853017448020196
