categorical_accuracy:[0.4309567, 0.4884928, 0.51534295, 0.5419675, 0.57220215, 0.6049188, 0.65027076, 0.7109657, 0.78655237, 0.8355144, 0.866426, 0.9097473, 0.9438177, 0.94855595, 0.9562274, 0.96141696, 0.9573556, 0.9666065, 0.97134477, 0.97608304, 0.9756318, 0.96908844, 0.98352885, 0.974278, 0.96547836, 0.9767599, 0.9839801, 0.98781586, 0.9855596, 0.9898466, 0.9864621, 0.99052346, 0.98172385, 0.9826264, 0.9866877, 0.9842058, 0.9842058, 0.9857852, 0.9893953, 0.9814982, 0.9893953, 0.9884928, 0.9857852, 0.9907491, 0.99029785, 0.9866877, 0.9909747, 0.99187726, 0.9853339, 0.9898466, 0.9925541, 0.99323106, 0.9930054, 0.99029785, 0.99481046]
val_categorical_accuracy:[0.48787879943847656, 0.4939393997192383, 0.5060606002807617, 0.4121212065219879, 0.5515151619911194, 0.539393961429596, 0.5303030014038086, 0.5060606002807617, 0.4939393997192383, 0.5060606002807617, 0.469696968793869, 0.5363636612892151, 0.5181818008422852, 0.5181818008422852, 0.539393961429596, 0.47575756907463074, 0.48181816935539246, 0.5060606002807617, 0.4575757682323456, 0.44545453786849976, 0.4787878692150116, 0.46060606837272644, 0.5030303001403809, 0.46666666865348816, 0.469696968793869, 0.4727272689342499, 0.5090909004211426, 0.5, 0.49696969985961914, 0.5363636612892151, 0.48787879943847656, 0.48787879943847656, 0.5, 0.46060606837272644, 0.521212100982666, 0.48787879943847656, 0.4727272689342499, 0.469696968793869, 0.4575757682323456, 0.5090909004211426, 0.48181816935539246, 0.5030303001403809, 0.5151515007019043, 0.5363636612892151, 0.5030303001403809, 0.5090909004211426, 0.5242424011230469, 0.48787879943847656, 0.4848484992980957, 0.5121212005615234, 0.5060606002807617, 0.48787879943847656, 0.4848484992980957, 0.5030303001403809, 0.4484848380088806]
