accuracy:51.8047567086432
actualdf_whole:83.93479751905997
