accuracy:52.29972676706317
actualdf_whole:60.08019752044351
