categorical_accuracy:[0.4293697, 0.48569512, 0.50827, 0.5290568, 0.54962003, 0.5815825, 0.6086276, 0.6687528, 0.7230666, 0.8021904, 0.84398746, 0.8779616, 0.90768886, 0.935181, 0.959097, 0.9557443, 0.95999104, 0.96803755, 0.95865, 0.9718373, 0.9720608, 0.9818954, 0.9785427, 0.9734019, 0.97474295, 0.9798838, 0.9883773, 0.9870362, 0.98390704, 0.9796603, 0.9818954, 0.98278946, 0.9888243, 0.9850246, 0.9888243, 0.9823424, 0.98144835, 0.9832365, 0.98413056, 0.9821189, 0.9854716, 0.9901654, 0.9930711, 0.98346, 0.9832365, 0.9886008, 0.99038893, 0.99418867, 0.9932946, 0.99597675, 0.9930711, 0.99374163, 0.9877067, 0.98927134, 0.98748326]
val_categorical_accuracy:[0.3917197585105896, 0.331210196018219, 0.4394904375076294, 0.5095541477203369, 0.5541401505470276, 0.48407644033432007, 0.48407644033432007, 0.5191082954406738, 0.5509554147720337, 0.48407644033432007, 0.48089173436164856, 0.47770699858665466, 0.5414012670516968, 0.4904458522796631, 0.512738823890686, 0.5254777073860168, 0.5350318551063538, 0.4904458522796631, 0.5095541477203369, 0.4904458522796631, 0.5095541477203369, 0.5159235596656799, 0.512738823890686, 0.4968152940273285, 0.5382165312767029, 0.512738823890686, 0.46496814489364624, 0.5, 0.48407644033432007, 0.48089173436164856, 0.4904458522796631, 0.4968152940273285, 0.4904458522796631, 0.47452229261398315, 0.47452229261398315, 0.48407644033432007, 0.47452229261398315, 0.47133758664131165, 0.4872611463069916, 0.5031847357749939, 0.5191082954406738, 0.512738823890686, 0.522292971611023, 0.4872611463069916, 0.493630588054657, 0.522292971611023, 0.506369411945343, 0.493630588054657, 0.5, 0.5031847357749939, 0.5286624431610107, 0.48089173436164856, 0.5095541477203369, 0.5095541477203369, 0.47452229261398315]
