categorical_accuracy:[0.44487384, 0.50102293, 0.5237554, 0.55126166, 0.57081157, 0.6121846, 0.6726529, 0.73562175, 0.80381906, 0.8581496, 0.9033871, 0.92680156, 0.9383951, 0.949534, 0.9524892, 0.95089793, 0.9693112, 0.9690839, 0.9706752, 0.9727211, 0.97658557, 0.9706752, 0.97635823, 0.9756763, 0.9843146, 0.9861332, 0.9877245, 0.98090476, 0.98272336, 0.98863375, 0.98272336, 0.9868152, 0.9861332, 0.9811321, 0.98931575, 0.98454195, 0.9870425, 0.9872698, 0.991589, 0.9902251, 0.9847693, 0.9811321, 0.9865879, 0.9854512, 0.98817915, 0.9868152, 0.99045235, 0.991589, 0.99113435, 0.99590814, 0.99295294, 0.9927256, 0.991589, 0.99181634]
val_categorical_accuracy:[0.5192878246307373, 0.45697328448295593, 0.4658753573894501, 0.575667679309845, 0.5637982487678528, 0.5074183940887451, 0.5548961162567139, 0.5311572551727295, 0.5370919704437256, 0.4658753573894501, 0.5222551822662354, 0.5044510364532471, 0.4658753573894501, 0.4866468906402588, 0.5074183940887451, 0.5192878246307373, 0.48961424827575684, 0.49554896354675293, 0.5074183940887451, 0.5400593280792236, 0.48961424827575684, 0.5341246128082275, 0.47774481773376465, 0.5459940433502197, 0.5400593280792236, 0.5281898975372314, 0.5044510364532471, 0.501483678817749, 0.5163204669952393, 0.48961424827575684, 0.5044510364532471, 0.5192878246307373, 0.4866468906402588, 0.5133531093597412, 0.48367953300476074, 0.498516321182251, 0.48367953300476074, 0.47774481773376465, 0.498516321182251, 0.49554896354675293, 0.5133531093597412, 0.4747774600982666, 0.5044510364532471, 0.48367953300476074, 0.4866468906402588, 0.5578634738922119, 0.5103857517242432, 0.5103857517242432, 0.501483678817749, 0.5341246128082275, 0.5430266857147217, 0.5281898975372314, 0.5311572551727295, 0.5400593280792236]
