loss:[1.207710925559225, 1.1091119458088055, 1.0726092291092846, 1.0450227863474826, 0.9910803148261071, 0.9333163437076307, 0.8370504462008267, 0.7087156681698005, 0.5581096126405675, 0.43565468212885045, 0.30373843264995465, 0.2313738024140906, 0.19157572430553266, 0.14870407260510193, 0.12724793664314885, 0.09934513183694052, 0.11637454098771474, 0.10522662144242309, 0.08640461277941616, 0.06687314052583128, 0.06583102101918951, 0.05733673017895262, 0.09041084448594278, 0.07919523319390816, 0.059234321502920476, 0.048438009628512725, 0.041583270602623845, 0.04599198613837529, 0.03976842011770294, 0.04673514773090201, 0.038526149237679296, 0.04020505632149188, 0.038598826892162735, 0.05486277308494703, 0.03389710882700628, 0.05783781738495045, 0.02704233268885564, 0.03366100266065105, 0.04321370873620149, 0.04334617567503211, 0.040371608442634224, 0.04530453752515223, 0.030177530611334085, 0.025174869696690343, 0.02313920314223647, 0.017885816028117462, 0.013191165815681614, 0.016032311498764714, 0.04171266132589593, 0.03844746926483039, 0.023392275793957695, 0.03074375655333416, 0.03763258710495197, 0.02796807004651107, 0.01877073680168003, 0.01747862428656692, 0.007317276185255862, 0.016114955149704634, 0.033501676817584876, 0.029776852242323845]
val_loss:[1.8764267592384412, 1.081851225120191, 1.0837544608420837, 1.0367571408756244, 1.0455657338943725, 1.0501016241292984, 1.0795592877049796, 1.1950124641196034, 1.3593014413937212, 1.2946783466080127, 1.5581514835357666, 1.5411972005527241, 1.6585605472040634, 1.8818740509569454, 2.203065381644252, 2.1187185403257134, 2.1804407400825916, 2.009808345343739, 2.020750901950434, 2.4159188803773337, 2.305016690549759, 2.4095439392918596, 2.417566943854189, 2.399319689113873, 2.2571518299297786, 2.410386077893047, 2.3685394437930074, 2.393576485280412, 2.336176745046061, 2.499527782296982, 2.7929772534690347, 2.5369045940070105, 2.5131881724531278, 2.417856300219941, 2.877771311674636, 2.393826448879303, 2.659607372344873, 2.792741917954466, 2.7817068435132692, 2.597085087444074, 2.848767611165397, 2.6515932205005193, 3.0383937004656074, 2.776803511019332, 2.712086845891544, 2.7332748258456636, 2.8629236267016718, 2.968832609371636, 2.95968433690909, 2.803538828231275, 2.768086313058774, 2.863061143948247, 2.765973449134217, 2.672374227176459, 2.826187970920112, 2.827513454059442, 2.7983033657073975, 2.9329232720140452, 3.1511428767499834, 3.0911456144655856]
