loss:[1.2032473804058643, 1.1059016542451745, 1.0725537655766009, 1.0411871408957907, 1.0048309123350885, 0.9479299564685574, 0.8910059483924188, 0.7887342144827998, 0.6940463825587349, 0.5291845728682789, 0.413979331590152, 0.32666428726887564, 0.24706973856882053, 0.17856556571983417, 0.12741796713976866, 0.12964064251693114, 0.12045661523558489, 0.0867836820931708, 0.10981543785461528, 0.08071907811036694, 0.08029069378347564, 0.05572620209657858, 0.06769643295314838, 0.07986579013711102, 0.07482104130825348, 0.06308869758281968, 0.0393484336947277, 0.04076177410621202, 0.042305919384832795, 0.056933518740397225, 0.05464227575503596, 0.047776024937663, 0.037036011423074645, 0.04534701113895108, 0.03512490134762003, 0.04685474248575092, 0.04817059273266591, 0.04331105449755256, 0.04206989676482179, 0.047646119336110106, 0.043434568825704505, 0.030762440478705015, 0.021779058720112168, 0.04691379080028188, 0.053360678962272395, 0.035538468423524726, 0.02915482219739721, 0.01945206921433786, 0.016998032025451543, 0.014941688385795408, 0.022709847978964883, 0.017872227181292902, 0.0361847048248054, 0.03086093764038774, 0.03522055294973776]
val_loss:[1.2787197091776854, 1.4462584120452784, 1.2876557248413183, 1.072872294741831, 1.0592530829131983, 1.158729287469463, 1.1364905135646748, 1.2133660859363093, 1.1344840405093637, 1.3754454524653732, 1.466333776522594, 1.7297099836313041, 1.4992035331240126, 1.6755331716719706, 1.9303569307752475, 1.7619130520304298, 1.8565558020476323, 2.2643397704810853, 2.004617396433642, 2.359962314557118, 2.143962242041424, 2.299333718172304, 2.333530067638227, 2.279413165560194, 2.2796152989575815, 2.396775740726738, 2.3819300369092615, 2.6072686948594015, 2.8032182918232715, 2.597526755302575, 2.6590123465106745, 2.5925851961609663, 2.8500797885238747, 2.6730356550520393, 2.6323214199892275, 2.6615992807278968, 2.8267949204536, 2.790979397524694, 2.965279901103609, 2.7603254363794996, 2.6515393970878263, 2.669446343828918, 2.676509029546361, 3.1471532955291166, 2.9739303892585123, 2.929485858625667, 2.846986062967094, 2.8033792182898067, 2.8169301695125117, 3.0723138371850274, 2.879212710508116, 2.8977626934173, 2.892735915578854, 2.6591188649463047, 3.1373989323901523]
