loss:[1.2024668780044527, 1.1067900526394483, 1.0638111293961425, 1.0259387975135004, 0.9805796535867216, 0.9141220489133566, 0.8234447319369884, 0.7097049349051521, 0.5581944899546111, 0.4349486465542325, 0.3540944264065273, 0.2544285753869623, 0.16509643656332784, 0.14977350423872363, 0.12853897386818908, 0.1139925461235567, 0.11610272455294801, 0.10381520988708799, 0.08284526292254832, 0.06424795047191749, 0.07152439729690498, 0.08606353054236661, 0.04957805776679451, 0.06809432357835453, 0.09264413891015541, 0.06266898321011356, 0.04719904777997372, 0.040459795637074726, 0.0427479275878618, 0.033312643204255886, 0.03596323984160276, 0.03327704075711699, 0.05880872445308775, 0.04966639594359001, 0.036700398430677086, 0.0465317767185734, 0.04180851447104312, 0.04198453142187921, 0.03743163057103239, 0.051712167596705896, 0.028368377044274966, 0.0354936433399587, 0.04238886904445921, 0.024706005922347198, 0.02712047466491719, 0.04320353768156112, 0.025457705041851315, 0.023848519137136332, 0.043774643655705, 0.029454497775937713, 0.022151732890366992, 0.018720474309384207, 0.018043387164468943, 0.0296830944311368, 0.01585193289456879]
val_loss:[1.15832773772153, 1.073863112565243, 1.0918774705944638, 1.2956037795904911, 1.027472228714914, 1.0558835000702829, 1.1177082394108628, 1.2245244633067738, 1.4341535235896254, 1.2752353610414446, 1.5761121764327541, 1.6178991375547467, 1.6889724558049983, 1.7954425595023416, 1.7384168884970925, 2.040144770073168, 1.9392831296631785, 2.028139050801595, 2.274373298702818, 2.456867729533802, 2.208572003335664, 2.303878570325447, 2.4437916640079385, 2.3234872745745108, 2.5168389970606024, 2.587389677221125, 2.3813993352832217, 2.651995794700854, 2.5209961399887546, 2.5293056430238665, 2.4261695832917183, 2.565006784959273, 2.6878417882052337, 2.6812965682058625, 2.595532937483354, 3.0199861699884587, 2.766907819112142, 2.7665238322633687, 2.7191107345349863, 2.285696610537442, 2.8679963198575105, 2.6853795138272374, 2.7656095909349845, 2.6731706734859584, 2.8518231218511407, 2.4513100248394593, 2.856517306241122, 2.9330903602368905, 2.8834006945292154, 2.6730626597548977, 2.806599911776456, 2.947205482829701, 2.852338446992816, 2.9158319126475942, 3.1411857893972686]
