loss:[1.178716091818093, 1.0872992511824278, 1.0580436221088272, 1.0254326276709802, 0.9697857659278769, 0.912496251581907, 0.7941467280982977, 0.6735293898264856, 0.523714706718339, 0.38306401404915247, 0.27920264144205564, 0.20721635371311115, 0.18015607379022905, 0.14485864875790314, 0.1394182092887647, 0.13706401570069843, 0.09806674857231995, 0.09194921537180277, 0.08500844842806597, 0.07839891196116991, 0.07079878086660325, 0.08230725835875832, 0.06682949799749595, 0.07565314840346704, 0.0488282988509737, 0.04131928464145004, 0.03637493585108708, 0.05797036204365986, 0.05361582817195166, 0.035416777625194726, 0.05093212322038532, 0.03959334034853363, 0.04845535358387378, 0.0530611114111962, 0.030822431089605938, 0.04093431793538602, 0.03970520781030466, 0.04248433909722978, 0.027861385833608355, 0.03209886061443449, 0.04330068904643776, 0.05672173881163356, 0.04017809113345701, 0.0409685916888817, 0.03598048654406082, 0.041258346420075726, 0.028867475713121975, 0.025927382303161745, 0.02584449066924472, 0.015472413868016463, 0.023216781246680813, 0.022706758060244765, 0.02253057396935545, 0.023377739807311806]
val_loss:[1.1346150976260267, 1.21527415549366, 1.142067680284602, 1.0583484392137839, 1.0367409673571941, 1.0437514249135904, 1.0656835205123403, 1.2506922633782338, 1.1679076251714802, 1.5768215514785813, 1.4756936942080716, 1.682445831751611, 2.027213292235083, 1.902958813866805, 2.0345234510099144, 1.8380464255279179, 2.0342663133887227, 2.0838431307399308, 2.0336615140784744, 2.183819832716922, 2.2187092007090854, 2.1240786552782938, 2.406737121877755, 2.0123286722145024, 2.087130986308839, 2.364691230239076, 2.308413781380441, 2.5622654122795123, 2.224450797351072, 2.47630802469013, 2.3067994978201494, 2.366569608007765, 2.6122630249145122, 2.3210039591577005, 2.655288750864013, 2.6376517070153347, 2.8176557180120745, 2.6139222801129613, 2.812757849502612, 2.752059734893482, 2.7629525191882953, 2.6356660742589026, 2.8149366275316177, 2.7156159478054556, 2.5156160810580945, 2.3545153119797524, 2.672496727736838, 2.6955111819134268, 2.900409650731865, 2.7222576254553186, 2.5376479199449102, 2.6395668771217413, 2.7543266534097826, 2.382819957124727]
