loss:[1.2150920956550149, 1.101053652939973, 1.0504596711949339, 1.0173144706809798, 0.9660231705991765, 0.9286919187943468, 0.8252223378509814, 0.7022855060526809, 0.5438953748046943, 0.41527745036376795, 0.300529289638064, 0.23807211911836387, 0.1930866810315594, 0.13340196463483406, 0.1626910987064399, 0.10248082251405956, 0.08838410001200427, 0.08891843502917789, 0.0834158387590433, 0.07079836226076529, 0.09106225615165443, 0.06925425558722743, 0.060836203624573156, 0.07879287766264585, 0.04785977309219672, 0.037892183310224085, 0.0308173816679531, 0.05091003983798528, 0.051244162846864234, 0.04799064334480251, 0.04213714016755599, 0.0449130321841365, 0.03611546241917622, 0.029309787000535856, 0.06521667307370504, 0.043513504187625444, 0.05186070490295896, 0.05162752219674888, 0.028049564231801386, 0.032507173833596956, 0.027330937216724395, 0.04518809480416202, 0.02690907052435342, 0.03454663747070748, 0.021934384743530374, 0.02646834165655046, 0.02197467115760713, 0.044049318115717495, 0.02412422671358107, 0.021773698709259565, 0.027344180202827768, 0.024428970705252354, 0.021774082945348463, 0.034403972166686635, 0.03826493475102363, 0.018592074968372348, 0.006696217852827416, 0.018640229727571022, 0.020278043265116563, 0.023085731775631894]
val_loss:[1.1895471004668825, 1.2572106922458033, 1.3347063050298633, 1.0597687095939041, 1.1252195735177595, 1.20948351143363, 1.3506713463160807, 1.2644045845477168, 1.5377462174364194, 1.437037600014738, 1.5568840639319963, 1.5404322568527953, 1.7313294110897772, 2.242989738544304, 1.9398157882119367, 2.0573178593983905, 2.378105596154036, 2.131887128967011, 2.212457748230346, 2.44062994625754, 2.3215993450073427, 2.2735023198727364, 2.3179888953705747, 2.42347820790228, 2.3997015396278063, 2.6744371773953923, 2.5113507059519877, 2.819351394733269, 2.420108245518393, 2.396326877399833, 2.7046016447558374, 2.5776611173938133, 2.605780532973969, 2.630078754025305, 2.5279672945330955, 2.714029242178637, 2.6041217021599503, 2.595057083461099, 2.927272345491512, 2.8769262251025904, 2.8139009518537694, 2.739676225685074, 2.8916053829078905, 2.749879241703513, 2.9076502837106855, 2.934999390276606, 2.777539981339506, 2.8905680921977153, 2.780929071460655, 2.8703471514993084, 3.0659925580738547, 3.25480330347301, 3.1505675872642835, 3.0675435523073116, 3.076116336319975, 2.9309070652830385, 2.98932783903476, 3.1943551566072568, 3.0909260332941293, 2.8300686110993345]
