categorical_accuracy:[0.3809957, 0.48374632, 0.5833144, 0.66060466, 0.7128893, 0.744942, 0.7717663, 0.7899523, 0.8108661, 0.81768584, 0.8367811, 0.85110253, 0.8576949, 0.87838143, 0.8776995, 0.89315754, 0.9033871, 0.9022505, 0.9038418, 0.91202545, 0.9142987, 0.9040691, 0.9238463, 0.91748124, 0.93407595, 0.9354399, 0.9513526, 0.9383951, 0.94726074, 0.9524892, 0.949534, 0.9386224, 0.9524892, 0.957263, 0.958627, 0.939759, 0.957945, 0.9581723, 0.95658106, 0.949534, 0.9581723, 0.95385313, 0.9568084, 0.96612865, 0.9647647, 0.9690839, 0.9729484, 0.9720391, 0.9690839, 0.9693112, 0.9659013, 0.97431237, 0.97408503, 0.9659013, 0.97363037, 0.97590363, 0.9681746, 0.9731757, 0.9731757, 0.97794956, 0.9749943, 0.97340304, 0.9738577, 0.9731757, 0.981814, 0.983178, 0.97817683, 0.9793135, 0.9806774, 0.9804501, 0.97908616, 0.9777222, 0.9774949, 0.98385996, 0.98090476, 0.9806774, 0.98636055, 0.9811321, 0.97522163, 0.97658557, 0.9774949, 0.9865879]
val_categorical_accuracy:[0.3827893137931824, 0.4183976352214813, 0.4035608172416687, 0.4183976352214813, 0.4035608172416687, 0.4480712115764618, 0.43916913866996765, 0.44510385394096375, 0.41246291995048523, 0.47181010246276855, 0.4362017810344696, 0.4362017810344696, 0.43916913866996765, 0.42729970812797546, 0.4658753573894501, 0.4540059268474579, 0.42136499285697937, 0.43323442339897156, 0.42136499285697937, 0.45103856921195984, 0.4688427448272705, 0.4480712115764618, 0.43323442339897156, 0.44510385394096375, 0.42729970812797546, 0.462907999753952, 0.45697328448295593, 0.4688427448272705, 0.4540059268474579, 0.4688427448272705, 0.45697328448295593, 0.498516321182251, 0.459940642118454, 0.462907999753952, 0.4688427448272705, 0.4094955623149872, 0.43323442339897156, 0.4480712115764618, 0.459940642118454, 0.4421364963054657, 0.459940642118454, 0.4243323504924774, 0.459940642118454, 0.4183976352214813, 0.4480712115764618, 0.4480712115764618, 0.459940642118454, 0.459940642118454, 0.462907999753952, 0.4480712115764618, 0.4688427448272705, 0.4807121753692627, 0.48367953300476074, 0.4480712115764618, 0.4658753573894501, 0.47774481773376465, 0.4480712115764618, 0.462907999753952, 0.4688427448272705, 0.4658753573894501, 0.4747774600982666, 0.4747774600982666, 0.47774481773376465, 0.4540059268474579, 0.4866468906402588, 0.4658753573894501, 0.48961424827575684, 0.4658753573894501, 0.49554896354675293, 0.4688427448272705, 0.4540059268474579, 0.459940642118454, 0.4925816059112549, 0.48367953300476074, 0.47181010246276855, 0.4480712115764618, 0.43916913866996765, 0.459940642118454, 0.42136499285697937, 0.4688427448272705, 0.4421364963054657, 0.462907999753952]
