accuracy:47.56586243997286
actualdf_whole:89.44159010139545
