categorical_accuracy:[0.38667858, 0.4803308, 0.5851587, 0.64818954, 0.6933393, 0.73223066, 0.778498, 0.7983907, 0.81023693, 0.8254359, 0.8325883, 0.85315156, 0.8569513, 0.8746089, 0.8788556, 0.87952614, 0.8770675, 0.8951721, 0.8947251, 0.9038891, 0.91238266, 0.9148413, 0.91327673, 0.9309343, 0.9291462, 0.9385337, 0.94233346, 0.9443451, 0.9427805, 0.94121593, 0.9374162, 0.94702727, 0.95596784, 0.94814485, 0.9539562, 0.9564148, 0.9573089, 0.9575324, 0.9519446, 0.9517211, 0.959097, 0.959544, 0.9604381, 0.95037997, 0.95663834, 0.9611086, 0.96803755, 0.9754135, 0.9707197, 0.9707197, 0.9689316, 0.9734019, 0.975637, 0.9742959, 0.9734019, 0.9684846, 0.97116673, 0.9675905, 0.9704962, 0.9700492, 0.975637, 0.9769781, 0.97519, 0.9763076, 0.9722843, 0.98055434, 0.97921324, 0.9734019, 0.9810013, 0.98390704, 0.9772016, 0.9807778, 0.9734019, 0.975637, 0.9772016, 0.9789897, 0.97586054, 0.97787213, 0.9774251, 0.97586054, 0.97921324, 0.9796603, 0.98614216, 0.98346, 0.98725975, 0.9870362]
val_categorical_accuracy:[0.37261146306991577, 0.36624205112457275, 0.42993631958961487, 0.46815288066864014, 0.42356687784194946, 0.4522292912006378, 0.42675158381462097, 0.46496814489364624, 0.4904458522796631, 0.47133758664131165, 0.47452229261398315, 0.4522292912006378, 0.4522292912006378, 0.46815288066864014, 0.42993631958961487, 0.4331210255622864, 0.4554140269756317, 0.4490445852279663, 0.4585987329483032, 0.4458598792552948, 0.4522292912006378, 0.4872611463069916, 0.42675158381462097, 0.46815288066864014, 0.4490445852279663, 0.47770699858665466, 0.46496814489364624, 0.47452229261398315, 0.4331210255622864, 0.4490445852279663, 0.42993631958961487, 0.42675158381462097, 0.4585987329483032, 0.48407644033432007, 0.46815288066864014, 0.5, 0.48407644033432007, 0.46496814489364624, 0.47133758664131165, 0.46496814489364624, 0.4585987329483032, 0.4331210255622864, 0.42993631958961487, 0.46178343892097473, 0.42038217186927795, 0.4426751732826233, 0.42038217186927795, 0.4458598792552948, 0.4331210255622864, 0.41082802414894104, 0.4490445852279663, 0.42675158381462097, 0.4458598792552948, 0.4331210255622864, 0.46178343892097473, 0.47770699858665466, 0.4522292912006378, 0.46496814489364624, 0.4872611463069916, 0.4363057315349579, 0.46815288066864014, 0.47133758664131165, 0.42993631958961487, 0.4490445852279663, 0.46496814489364624, 0.46178343892097473, 0.4872611463069916, 0.46815288066864014, 0.46178343892097473, 0.46815288066864014, 0.4585987329483032, 0.46815288066864014, 0.4554140269756317, 0.4394904375076294, 0.4522292912006378, 0.4331210255622864, 0.4554140269756317, 0.42356687784194946, 0.46178343892097473, 0.46815288066864014, 0.4331210255622864, 0.4363057315349579, 0.46178343892097473, 0.47133758664131165, 0.47770699858665466, 0.4331210255622864]
