categorical_accuracy:[0.38591677, 0.48491085, 0.585048, 0.6586648, 0.7069044, 0.72633743, 0.7780064, 0.79698217, 0.8203018, 0.8358482, 0.8589392, 0.84430724, 0.8543667, 0.8767718, 0.88843167, 0.8831733, 0.89803386, 0.89391863, 0.89917696, 0.91769546, 0.9142661, 0.8975766, 0.91563785, 0.92821217, 0.93872887, 0.9460448, 0.95107454, 0.94421583, 0.9433013, 0.94101506, 0.95016, 0.9467307, 0.94467306, 0.94581616, 0.9586191, 0.94855964, 0.9545039, 0.9583905, 0.9545039, 0.962963, 0.95793325, 0.9554184, 0.9529035, 0.9666209, 0.96684957, 0.97530866, 0.9730224, 0.97439414, 0.97165066, 0.9689072, 0.97165066, 0.9625057, 0.96844995, 0.9718793, 0.96799266, 0.96799266, 0.9702789, 0.97165066, 0.9759945, 0.9725652, 0.9762231, 0.9721079, 0.97050756, 0.97553724, 0.97485137, 0.9835391, 0.9862826, 0.97850937, 0.9746228, 0.9810242, 0.978738]
val_categorical_accuracy:[0.416167676448822, 0.4341317415237427, 0.41017964482307434, 0.43113771080970764, 0.4221556782722473, 0.4491018056869507, 0.455089807510376, 0.4341317415237427, 0.455089807510376, 0.45209580659866333, 0.4491018056869507, 0.4371257424354553, 0.45209580659866333, 0.458083838224411, 0.455089807510376, 0.44610777497291565, 0.44011977314949036, 0.443113774061203, 0.416167676448822, 0.4491018056869507, 0.4790419042110443, 0.41017964482307434, 0.44011977314949036, 0.42514970898628235, 0.443113774061203, 0.44011977314949036, 0.44610777497291565, 0.44011977314949036, 0.44610777497291565, 0.44610777497291565, 0.473053902387619, 0.455089807510376, 0.458083838224411, 0.458083838224411, 0.4341317415237427, 0.44610777497291565, 0.4341317415237427, 0.4371257424354553, 0.4341317415237427, 0.44011977314949036, 0.44610777497291565, 0.44610777497291565, 0.46107783913612366, 0.44011977314949036, 0.46706587076187134, 0.44011977314949036, 0.4491018056869507, 0.44011977314949036, 0.4341317415237427, 0.4491018056869507, 0.41916167736053467, 0.443113774061203, 0.470059871673584, 0.4371257424354553, 0.45209580659866333, 0.443113774061203, 0.4341317415237427, 0.4491018056869507, 0.41916167736053467, 0.455089807510376, 0.41916167736053467, 0.41916167736053467, 0.455089807510376, 0.443113774061203, 0.44011977314949036, 0.4491018056869507, 0.45209580659866333, 0.443113774061203, 0.4491018056869507, 0.47604790329933167, 0.458083838224411]
