accuracy:50.71226562623266
actualdf_whole:68.328032389547
