accuracy:50.66025671585134
actualdf_whole:89.71491717772129
