accuracy:48.56492540621023
actualdf_whole:88.33377337537031
