categorical_accuracy:[0.3806408, 0.47924188, 0.5670126, 0.6353791, 0.7048736, 0.72021663, 0.7743682, 0.78655237, 0.8079874, 0.81069493, 0.829648, 0.8456679, 0.8528881, 0.8716155, 0.875, 0.8935018, 0.879287, 0.8880866, 0.8968863, 0.90365523, 0.9196751, 0.9126805, 0.91358304, 0.9169675, 0.92057765, 0.9478791, 0.9395307, 0.9361462, 0.9377256, 0.93795127, 0.94855595, 0.9508123, 0.9478791, 0.9415614, 0.9444946, 0.9523917, 0.9573556, 0.9517148, 0.9564531, 0.95419675, 0.9623195, 0.95870936, 0.958935, 0.9505866, 0.9616426, 0.96976537, 0.96435016, 0.9724729, 0.96728337, 0.9636733, 0.96728337, 0.97021663, 0.97202164, 0.96773463, 0.96908844, 0.97269857, 0.96886283, 0.96547836, 0.9767599, 0.9778881, 0.97337544, 0.9681859, 0.96908844, 0.9749549, 0.97608304, 0.9796931, 0.98037004, 0.9796931, 0.98330325, 0.9796931, 0.98059565, 0.9783394, 0.98601085, 0.9824007, 0.97337544, 0.9736011, 0.9767599, 0.97766244, 0.98330325, 0.9769856, 0.9801444, 0.98194945, 0.97924185, 0.9778881, 0.98352885, 0.98623645, 0.98465705, 0.98465705, 0.9851083, 0.9853339, 0.98307765, 0.9855596, 0.98307765, 0.9814982, 0.98037004, 0.9824007, 0.98916966, 0.9884928, 0.9907491, 0.98623645, 0.9898466, 0.98894405, 0.9844314, 0.9864621, 0.9851083, 0.9898466, 0.9893953]
val_categorical_accuracy:[0.36666667461395264, 0.42424243688583374, 0.4212121069431305, 0.4575757682323456, 0.4272727370262146, 0.4333333373069763, 0.4848484992980957, 0.4787878692150116, 0.44545453786849976, 0.48181816935539246, 0.5121212005615234, 0.469696968793869, 0.4727272689342499, 0.4727272689342499, 0.46666666865348816, 0.4727272689342499, 0.4575757682323456, 0.469696968793869, 0.4727272689342499, 0.49696969985961914, 0.5, 0.4909090995788574, 0.5242424011230469, 0.48181816935539246, 0.4848484992980957, 0.4939393997192383, 0.4787878692150116, 0.5090909004211426, 0.5181818008422852, 0.5151515007019043, 0.4848484992980957, 0.49696969985961914, 0.4939393997192383, 0.48181816935539246, 0.48787879943847656, 0.47575756907463074, 0.48787879943847656, 0.4424242377281189, 0.5090909004211426, 0.48181816935539246, 0.48181816935539246, 0.4484848380088806, 0.47575756907463074, 0.48787879943847656, 0.4848484992980957, 0.48787879943847656, 0.4848484992980957, 0.4939393997192383, 0.4848484992980957, 0.5030303001403809, 0.47575756907463074, 0.4939393997192383, 0.5090909004211426, 0.4939393997192383, 0.4909090995788574, 0.5090909004211426, 0.5272727012634277, 0.5121212005615234, 0.5030303001403809, 0.5030303001403809, 0.4787878692150116, 0.5090909004211426, 0.469696968793869, 0.5030303001403809, 0.5151515007019043, 0.5181818008422852, 0.4909090995788574, 0.5121212005615234, 0.5242424011230469, 0.5090909004211426, 0.49696969985961914, 0.48787879943847656, 0.5181818008422852, 0.5090909004211426, 0.49696969985961914, 0.4848484992980957, 0.47575756907463074, 0.49696969985961914, 0.4636363685131073, 0.4848484992980957, 0.4939393997192383, 0.5, 0.4848484992980957, 0.4787878692150116, 0.47575756907463074, 0.48181816935539246, 0.5030303001403809, 0.4787878692150116, 0.5, 0.48787879943847656, 0.4909090995788574, 0.48181816935539246, 0.4787878692150116, 0.4727272689342499, 0.48787879943847656, 0.46060606837272644, 0.47575756907463074, 0.4909090995788574, 0.46060606837272644, 0.43939393758773804, 0.48181816935539246, 0.4848484992980957, 0.4787878692150116, 0.4787878692150116, 0.48181816935539246, 0.4848484992980957, 0.469696968793869]
