categorical_accuracy:[0.3615298, 0.4953881, 0.5790776, 0.6488189, 0.69583803, 0.72440946, 0.74983126, 0.7847019, 0.7977503, 0.8231721, 0.83577055, 0.8438695, 0.85421824, 0.86209226, 0.872216, 0.88121486, 0.8791901, 0.8893138, 0.89606297, 0.90506184, 0.9086614, 0.90821147, 0.9248594, 0.9345332, 0.9327334, 0.9446569, 0.93138355, 0.9352081, 0.9430821, 0.93655795, 0.94420695, 0.9466817, 0.9525309, 0.9568054, 0.9505062, 0.94983125, 0.9460068, 0.95500565, 0.96355456, 0.95073116, 0.9561305, 0.96197975, 0.95725536, 0.9644545, 0.9646794, 0.9703037, 0.96760404, 0.9615298, 0.96490437, 0.96850395, 0.9730034, 0.96985376, 0.9689539]
val_categorical_accuracy:[0.42492014169692993, 0.3258785903453827, 0.49201276898384094, 0.42492014169692993, 0.43130990862846375, 0.43450480699539185, 0.4568690061569214, 0.4760383367538452, 0.48562300205230713, 0.4536741077899933, 0.4504792392253876, 0.44408944249153137, 0.43130990862846375, 0.4632587730884552, 0.415335476398468, 0.4728434383869171, 0.4504792392253876, 0.43450480699539185, 0.48562300205230713, 0.42492014169692993, 0.43769967555999756, 0.43769967555999756, 0.4472843408584595, 0.43450480699539185, 0.44089457392692566, 0.4504792392253876, 0.44408944249153137, 0.415335476398468, 0.4568690061569214, 0.43769967555999756, 0.4568690061569214, 0.4536741077899933, 0.4504792392253876, 0.4536741077899933, 0.4568690061569214, 0.43130990862846375, 0.4600639045238495, 0.4664536714553833, 0.4760383367538452, 0.4568690061569214, 0.4472843408584595, 0.4600639045238495, 0.43769967555999756, 0.4504792392253876, 0.4472843408584595, 0.4568690061569214, 0.4760383367538452, 0.43769967555999756, 0.4600639045238495, 0.4696485698223114, 0.4696485698223114, 0.48242810368537903, 0.4504792392253876]
