accuracy:47.948157137691936
actualdf_whole:85.75226486779727
