loss:[2.530541905704894, 1.7612738665457344, 1.1913261283436047, 0.9493131217860609, 0.7722463026731375, 0.7132688503751593, 0.5797235830003505, 0.5154833515376112, 0.4773211787362376, 0.4386015650571401, 0.3975094248428702, 0.42504186836971125, 0.39222426552395323, 0.3296897507808799, 0.306618724798483, 0.30239582445671986, 0.2882598513097702, 0.3060150116862611, 0.2822984803858063, 0.23290471208827324, 0.2600632638069637, 0.2901209521366715, 0.25728270119574786, 0.20717795067485958, 0.1648331358650879, 0.14827618884943872, 0.14222764794041487, 0.16991246100958005, 0.17557846434655203, 0.1692060447282234, 0.1522421346000891, 0.17028035252899268, 0.17214452865274085, 0.15615597213322496, 0.1285718559384581, 0.16431270720010047, 0.12463496015217111, 0.13601745698667891, 0.1485115842321544, 0.12090869951788236, 0.129028182385016, 0.15527107161792336, 0.1486028819622003, 0.09903341717622818, 0.09888846644965947, 0.0832291232609845, 0.076501689309839, 0.07154880164990225, 0.09037422104170682, 0.09103783870820756, 0.08291383098337718, 0.10766285735178512, 0.11047415603853902, 0.08576332047078059, 0.10431150934541868, 0.09818260028477242, 0.10040520971480348, 0.08937500972248681, 0.07086858385753655, 0.09351086526042558, 0.07193321531930683, 0.09959172380366703, 0.10917259626687839, 0.07092278976370986, 0.07437673671550057, 0.054480196324642426, 0.04617456710722138, 0.07659488016585372, 0.08023953974363603, 0.07152983432120633, 0.07966819557562191]
val_loss:[2.4928651041613366, 2.1399256247960166, 1.917123364117331, 2.1471869160315236, 2.0730927618677746, 2.18480869824301, 2.4511985079257075, 2.6660267678563465, 2.738655407271699, 2.7476924493641195, 2.707247758339979, 2.873330101995411, 3.715067729264676, 3.4953276811245675, 3.4368606841492797, 3.774197581285488, 3.8458329874598336, 4.287196350668719, 4.399367218246003, 4.151367892762144, 4.613482095524223, 4.931246037968618, 4.977226026043921, 4.907179721101316, 4.7682534606156946, 4.838213849210454, 5.336467146159646, 5.378817935189801, 5.465206026317117, 5.145824283896806, 5.5965928802947085, 5.597505700802374, 6.078170722116253, 5.65559536825397, 6.204787611247537, 6.1569793724014374, 6.178351333755219, 6.531679961495771, 6.8700589191413926, 6.442150941152058, 6.689757852497215, 7.1524769274774425, 6.606360132822734, 6.804881615553073, 6.567895066952277, 7.256852349835242, 7.0588189627596005, 7.594054927369077, 7.404416532573586, 6.867315032524977, 7.959480756771065, 7.531797714576036, 7.035280378992686, 7.319041726118076, 7.940788314727966, 7.873068766679593, 7.56309358516853, 7.71015637506268, 7.947443819331552, 8.192807134753929, 8.307582541140254, 8.220685661909823, 7.550650034122125, 8.377242253925987, 8.612821544715745, 8.305367798148515, 8.158708763693621, 8.756257439801793, 8.762080078353424, 8.04376757501842, 8.326222591057508]
