loss:[2.5001737856274167, 1.7522760787642147, 1.2006736563183715, 0.926188116779271, 0.768770499632125, 0.6947854056253192, 0.5833075377149294, 0.5409211790624004, 0.5000617573832512, 0.4871652853925219, 0.4474891794353866, 0.3982858057319102, 0.382885259236767, 0.32931853668219285, 0.339769531275961, 0.3044335680011728, 0.28029212624064953, 0.27806134322104764, 0.287554244430167, 0.2587955871947952, 0.22492188273349603, 0.27862205931708933, 0.2225537855609164, 0.2347546673940241, 0.18361562999419717, 0.18559212413698833, 0.14532492835617494, 0.17297459194052622, 0.156195905733033, 0.14755431037933095, 0.1437384869385054, 0.18819624253224074, 0.14026633950558376, 0.12277327647884055, 0.15062187142701064, 0.18731635208221528, 0.1278626835136182, 0.13099345111306762, 0.14309485907406827, 0.16957208779647906, 0.12964403584676001, 0.14126026076350423, 0.13831997801972284, 0.10016566475735929, 0.10408161918616914, 0.09460678216636188, 0.07977850635230858, 0.07877421477687761, 0.11023878759260945, 0.10393327877366915, 0.11035814054320471, 0.09113761910533663, 0.08098803940946162, 0.10776663736421313, 0.08645512485154687, 0.08324807441577628, 0.1025803366460066, 0.07933453970228913, 0.09205128275488292, 0.07390985796401324, 0.08094840284366177, 0.08514948548241323, 0.08719592986195038, 0.08340284515321474, 0.060637745734987335, 0.060463373877446595, 0.06410042674187688, 0.054897620043290775, 0.057906277366605495, 0.06834363971847014, 0.06766049373621462, 0.06440356470819238, 0.06782874759474038, 0.05491201457180033, 0.05944743941893289, 0.05769531422488522, 0.04430608731832592, 0.06269777048053107, 0.07918272033276125, 0.08935892640949508, 0.07577233835355969, 0.03876292967164455]
val_loss:[4.099930410215338, 2.1399946700925288, 2.073907709263199, 1.8873888859055516, 1.9381533418989323, 2.104124804986337, 2.0818787629243527, 2.4211870166597453, 2.48986148644095, 2.5302350358368737, 2.7069961055449987, 2.669796480976863, 2.7848897762043894, 2.956965770495044, 3.397218293888986, 3.3741528301635197, 3.5159939531048963, 3.668075550203861, 3.832199430607193, 3.664303165515028, 3.748043607179772, 3.910498899946581, 3.7202139112998895, 4.24521274736444, 4.447229483007323, 4.041816281281876, 4.168147299339227, 4.188418423740376, 4.383640144982041, 4.198670369934965, 4.6237762250249395, 4.538885891968135, 4.539430454152274, 4.723023723070275, 4.776247399497103, 5.520206958320799, 5.459691368861439, 5.201620249083205, 5.432804580258333, 5.333630373640655, 5.697860795595526, 5.522761500553845, 5.533940202050817, 5.714222192056809, 5.880416550339152, 5.664789324344443, 6.053422718444281, 5.909960002502984, 6.318908159386156, 6.373785386807134, 6.195563172728089, 6.195527406403856, 6.179119670426457, 6.116404451319301, 6.256803481444407, 6.228604161067249, 6.3510377980127535, 6.589821051419312, 6.436062546795129, 6.513959818141043, 6.27402892806056, 6.249679738053229, 6.052859190309791, 6.33921009991926, 6.2786514016216515, 6.330472037770981, 6.093649609506307, 6.339138124392365, 6.07073428439811, 6.5413243438086806, 6.529720609195155, 6.608461596491782, 6.89219623078932, 6.718216081047624, 6.8542912961467435, 7.130854193463877, 6.931508476019613, 6.922176119481774, 7.104225910028293, 7.4958694018313015, 7.394125593168446, 7.192728802429109]
