loss:[2.623200457225061, 1.669667573181923, 1.1503381372084296, 0.9505409097159927, 0.8057379258973928, 0.6819839146609386, 0.5772553786908509, 0.5309595937141628, 0.49622452208438406, 0.46345699123895, 0.445224994832669, 0.3998523711771852, 0.3772870278952641, 0.3353331789514237, 0.3285504531383408, 0.3280930123460522, 0.35097795163160944, 0.30969244757792913, 0.296404541681188, 0.27689685970278366, 0.24147447989483364, 0.24361775298242758, 0.24967919011959605, 0.20448014673859774, 0.21216511755938583, 0.18053901499819225, 0.15315528598835315, 0.15913867323951206, 0.16751412684027112, 0.1728031406833536, 0.1972181778085769, 0.16447311216610608, 0.13119681999915825, 0.16307551999598038, 0.13719701999985764, 0.14927737724219578, 0.13383660099902522, 0.14128276121167313, 0.1582250503791312, 0.16157373081207144, 0.11715147442081972, 0.1228743402165029, 0.1201138020909729, 0.16134062883665876, 0.13638220479489988, 0.1266989655467998, 0.10463917630220437, 0.08103398074430614, 0.08633221864070259, 0.08394407353473972, 0.09528141754889002, 0.07523497100775722, 0.07891337547381679, 0.08887958960313044, 0.09419149220060344, 0.1091928634132578, 0.10268336473503073, 0.09964112860071885, 0.09006167546844723, 0.10130060025714534, 0.08448229355282444, 0.07898938942990628, 0.09369082884723302, 0.08227115030999407, 0.08904623428067314, 0.054633445077795016, 0.06905707908951533, 0.07967731225265522, 0.06022746816795564, 0.050919371424059084, 0.07368490933901935, 0.06431939679031524, 0.08487542299818042, 0.06904533128797002, 0.07642138008803087, 0.06413977056331238, 0.07435270483531321, 0.08334049379161465, 0.09727303488702217, 0.0854905196581894, 0.07986857921178427, 0.06720275866793447, 0.04531426569100102, 0.0643588279973749, 0.04098497100616377, 0.04419575195163986]
val_loss:[2.4289228005014407, 2.2440448855138886, 1.9884408552935169, 1.8384050988847283, 2.0223794484594064, 2.164565180517306, 2.3754070124049096, 2.5546555245757863, 2.7769938608643354, 2.88120792777675, 2.923196671115365, 3.1970351091615714, 3.3060328702258457, 3.457303618169894, 4.074549480608314, 3.8094735661889336, 3.957399696301503, 3.9782494617875215, 4.4013572771837755, 4.115773030906726, 4.461156170838957, 4.4811377039380895, 4.628992104985912, 4.672291300099367, 4.760991691783735, 4.819167732433149, 5.122550642414457, 5.223172619084644, 5.534607702000126, 5.730305747621379, 5.6579971860168845, 5.621008851725584, 5.6939964537407945, 5.955980896190473, 6.168644807900593, 6.100562435806177, 6.316203591170584, 6.42821258496327, 6.453827754707094, 6.376672301322791, 6.592357331780112, 6.649127547148686, 7.126247084064848, 6.744055243814067, 6.982330291893832, 6.942570151796766, 7.052305233706335, 7.063567513872863, 7.0555749698809, 7.1568142654030185, 7.247584974689848, 7.2825065053951965, 7.479566810996669, 7.219329408779266, 7.352000919876585, 7.335894645399349, 7.267275962100666, 7.764750984823628, 7.533017006649334, 8.135458521022919, 8.50160270132077, 8.047743924863779, 8.13318564785514, 8.448927350864288, 8.011179419839458, 7.869827950835988, 8.230405637413073, 8.405440846825861, 8.274155993370494, 8.42427139525201, 8.32613215476844, 7.9769318756783845, 8.59165920573435, 7.972899151455825, 8.923322902363577, 8.481231027348027, 9.184009527704518, 8.766713039130922, 8.625113019518032, 8.845787892675704, 9.115403315064254, 8.567189435290683, 8.521307690128399, 8.25087899007615, 8.287065900814762, 8.317178410329637]
