loss:[2.641947445906992, 1.5655574803679544, 1.165376970148462, 0.9315901018503144, 0.8184172630578246, 0.7146631361730187, 0.6447547047022893, 0.5560133137504483, 0.5448385147463752, 0.48226637810770384, 0.4367095582866025, 0.4057120000350596, 0.3860903878582074, 0.37846179596484714, 0.35056521371593624, 0.318598296906468, 0.334684250861641, 0.31384254540782947, 0.2882296853073369, 0.2637419163325908, 0.27612904953624723, 0.2505475009436414, 0.21617820868928603, 0.19528601926545056, 0.1892587191549929, 0.15614530980939, 0.19662491799373058, 0.19479327937347146, 0.17497428346307964, 0.1956015949622551, 0.1624821467412043, 0.16114114126846868, 0.14002110977474855, 0.13210259246806477, 0.15374448945249783, 0.1641764565343739, 0.15857659373254304, 0.14055993028479566, 0.10785544217240454, 0.15036098430094522, 0.1480019128444019, 0.13459039898987343, 0.1414816895071354, 0.1191891442858106, 0.09765112942702234, 0.09094206764993215, 0.09982870054608825, 0.1186565096074709, 0.12766310143373152, 0.1009357859717087, 0.09543332748676646, 0.08322586314575914, 0.08871984175788838]
val_loss:[2.551598804065595, 2.2394283785225864, 1.7940352576228376, 1.867128969762272, 2.115955881798229, 1.914863099686254, 2.2750695612483893, 2.465102795213937, 2.251606260244839, 2.5302009978614297, 2.614938476976876, 2.8337852718731087, 2.9204651753361612, 2.8437839163758882, 3.6157405018425597, 3.302437908733234, 3.614445696242701, 3.4969756092888096, 3.583352376858647, 3.8507186658085346, 4.0073720989897605, 3.867045373581469, 4.21542842091082, 4.1311413182999, 4.254520789502909, 4.054818374280351, 4.365620670988918, 4.437459343919358, 4.591208854041541, 4.679415336432167, 4.566333901767914, 4.642973803864501, 4.733672824530556, 4.73790805256024, 4.969431346978623, 4.855441168093453, 4.824526916296718, 5.096127746204218, 5.323625697114597, 5.440338838595552, 5.594177203437391, 5.365293687144026, 5.706208910043247, 5.765809159690199, 5.469902215293422, 5.61105153507318, 5.90659684190354, 5.800757199430618, 5.690363500064935, 5.703073155765717, 5.752266455763064, 5.9020878103213565, 6.129866825505948]
