accuracy:53.30479944181196
actualdf_whole:69.25883233546783
