categorical_accuracy:[0.36656237, 0.39785427, 0.43428698, 0.46692, 0.47586054, 0.4883773, 0.5015646, 0.49597675, 0.50715244, 0.51743406, 0.5198927, 0.5212338, 0.53397405, 0.5435852, 0.5547608, 0.56437194, 0.56772465, 0.5847117, 0.5860528, 0.60751003, 0.61466247, 0.63008493, 0.63723737, 0.64483684, 0.6578006, 0.6857398, 0.6868574, 0.69289225, 0.7156907, 0.7223961, 0.73200715, 0.74228877, 0.75793475, 0.77939206, 0.778945, 0.786321, 0.78788555, 0.795038, 0.80241394, 0.81850696, 0.82700044, 0.83169425, 0.83191776, 0.8392937, 0.84532857, 0.85493964, 0.8645507, 0.8560572, 0.8658918, 0.87192667, 0.8755029, 0.8790791, 0.8824318, 0.8927134, 0.901207, 0.90075994, 0.8967367, 0.89561915, 0.9072418, 0.9148413, 0.9059008, 0.9217702, 0.91104156, 0.9197586, 0.91864103, 0.91662943, 0.926464, 0.92869914, 0.92869914, 0.92445236, 0.92556995, 0.9340635, 0.9226643]
val_categorical_accuracy:[0.20382165908813477, 0.20382165908813477, 0.3343949019908905, 0.2707006335258484, 0.4394904375076294, 0.3949044644832611, 0.3216560482978821, 0.41719746589660645, 0.3980891704559326, 0.19108280539512634, 0.37261146306991577, 0.4522292912006378, 0.522292971611023, 0.35668790340423584, 0.35031846165657043, 0.46815288066864014, 0.25796177983283997, 0.42038217186927795, 0.47452229261398315, 0.36942675709724426, 0.512738823890686, 0.35350319743156433, 0.5286624431610107, 0.4394904375076294, 0.5, 0.5095541477203369, 0.493630588054657, 0.4426751732826233, 0.4554140269756317, 0.46178343892097473, 0.4872611463069916, 0.4872611463069916, 0.41719746589660645, 0.47770699858665466, 0.5191082954406738, 0.3343949019908905, 0.4904458522796631, 0.5159235596656799, 0.4968152940273285, 0.4522292912006378, 0.4522292912006378, 0.4904458522796631, 0.36942675709724426, 0.5031847357749939, 0.46496814489364624, 0.522292971611023, 0.4904458522796631, 0.47770699858665466, 0.4458598792552948, 0.41082802414894104, 0.4394904375076294, 0.48407644033432007, 0.47452229261398315, 0.506369411945343, 0.4458598792552948, 0.46178343892097473, 0.4394904375076294, 0.5, 0.4585987329483032, 0.4904458522796631, 0.47133758664131165, 0.4012738764286041, 0.46178343892097473, 0.4585987329483032, 0.47452229261398315, 0.47452229261398315, 0.493630588054657, 0.4968152940273285, 0.337579607963562, 0.42356687784194946, 0.47133758664131165, 0.4522292912006378, 0.4458598792552948]
