categorical_accuracy:[0.36326438, 0.40031826, 0.42941576, 0.46146852, 0.474426, 0.48897478, 0.49352124, 0.49988633, 0.51216185, 0.5155717, 0.5312571, 0.5321664, 0.5394408, 0.55717206, 0.56990224, 0.57376677, 0.5817231, 0.5958172, 0.6094567, 0.6208229, 0.6335531, 0.64719254, 0.67833596, 0.6901569, 0.6942487, 0.70038646, 0.72948396, 0.7401682, 0.7435781, 0.7567629, 0.7699477, 0.7829052, 0.7906342, 0.8070016, 0.8088202, 0.8222323, 0.8235963, 0.83109796, 0.83655375, 0.8515572, 0.86269605, 0.8606501, 0.87269837, 0.88520116, 0.8695158, 0.87178904, 0.8779268, 0.8933849, 0.8972494, 0.8940668, 0.90361446, 0.8995226, 0.9106615, 0.899068, 0.9070243, 0.91202545, 0.90429646, 0.9220277, 0.92771083, 0.9302114, 0.9302114, 0.92498296, 0.93157536, 0.9365765, 0.9361218, 0.9220277, 0.9393044, 0.9336213, 0.940441, 0.94544214, 0.9349852, 0.94930667, 0.941123]
val_categorical_accuracy:[0.22848664224147797, 0.3827893137931824, 0.2373887300491333, 0.35608309507369995, 0.34421366453170776, 0.3709198832511902, 0.5103857517242432, 0.36795252561569214, 0.25816023349761963, 0.4747774600982666, 0.37388724088668823, 0.4480712115764618, 0.35014837980270386, 0.33531156182289124, 0.4866468906402588, 0.33531156182289124, 0.48961424827575684, 0.5311572551727295, 0.30563798546791077, 0.32344213128089905, 0.5044510364532471, 0.4688427448272705, 0.5400593280792236, 0.5074183940887451, 0.4807121753692627, 0.48961424827575684, 0.5222551822662354, 0.5103857517242432, 0.5103857517242432, 0.5222551822662354, 0.5133531093597412, 0.5222551822662354, 0.5103857517242432, 0.45697328448295593, 0.5103857517242432, 0.49554896354675293, 0.31157270073890686, 0.5044510364532471, 0.5192878246307373, 0.498516321182251, 0.5192878246307373, 0.5163204669952393, 0.4688427448272705, 0.48367953300476074, 0.3323442041873932, 0.47774481773376465, 0.4747774600982666, 0.4480712115764618, 0.5103857517242432, 0.459940642118454, 0.2937685549259186, 0.48367953300476074, 0.47181010246276855, 0.48367953300476074, 0.4807121753692627, 0.498516321182251, 0.48367953300476074, 0.5281898975372314, 0.48961424827575684, 0.31157270073890686, 0.4658753573894501, 0.5044510364532471, 0.32937684655189514, 0.501483678817749, 0.47774481773376465, 0.4807121753692627, 0.4540059268474579, 0.4540059268474579, 0.4747774600982666, 0.5074183940887451, 0.49554896354675293, 0.35608309507369995, 0.47181010246276855]
