accuracy:53.77715649292182
actualdf_whole:66.8989160527324
