accuracy:55.13999487847453
actualdf_whole:67.14521084896933
