accuracy:52.56798538059064
actualdf_whole:80.52654218780938
