categorical_accuracy:[0.37007874, 0.40854892, 0.44769403, 0.4726659, 0.46366704, 0.48458943, 0.496063, 0.49156356, 0.50123733, 0.50776154, 0.51428574, 0.5273341, 0.5379078, 0.543982, 0.5493813, 0.56107986, 0.5662542, 0.57390326, 0.5878515, 0.5934758, 0.6069741, 0.6197975, 0.62497187, 0.6335208, 0.6472441, 0.6600675, 0.67311585, 0.6785152, 0.687964, 0.6953881, 0.7169854, 0.72148484, 0.73633295, 0.7536558, 0.7489314, 0.77232844, 0.7721035, 0.7831271, 0.78537685, 0.8013498, 0.8040495, 0.8062992, 0.82789654, 0.8254218, 0.8206974, 0.83554554, 0.8422947, 0.8346457, 0.8425197, 0.8616423, 0.855793, 0.8701912, 0.87244093, 0.8758155, 0.8814398, 0.88098985, 0.8870641, 0.8949381, 0.8949381, 0.8965129, 0.89606297, 0.9021372, 0.9019123, 0.9028121, 0.9111361, 0.9104612, 0.91721034, 0.9217098, 0.9239595, 0.9217098, 0.9156355, 0.9147357, 0.9248594, 0.92575926, 0.9232846, 0.9334083, 0.936108, 0.9340832, 0.93813276, 0.9352081, 0.9453318, 0.9417323]
val_categorical_accuracy:[0.201277956366539, 0.24281150102615356, 0.4664536714553833, 0.4504792392253876, 0.4728434383869171, 0.4664536714553833, 0.23642171919345856, 0.30351439118385315, 0.5175718665122986, 0.48562300205230713, 0.3322683572769165, 0.29073482751846313, 0.5367411971092224, 0.2651757299900055, 0.49520766735076904, 0.44089457392692566, 0.22044728696346283, 0.3354632556438446, 0.5463258624076843, 0.42811501026153564, 0.5175718665122986, 0.5367411971092224, 0.5431309938430786, 0.5399361252784729, 0.5559105277061462, 0.42811501026153564, 0.4728434383869171, 0.5239616632461548, 0.2651757299900055, 0.5591054558753967, 0.5175718665122986, 0.5974441170692444, 0.389776349067688, 0.5399361252784729, 0.5111821293830872, 0.4504792392253876, 0.3961661458015442, 0.5367411971092224, 0.48881790041923523, 0.35143768787384033, 0.5623003244400024, 0.42811501026153564, 0.5527156591415405, 0.4792332351207733, 0.5367411971092224, 0.4632587730884552, 0.5527156591415405, 0.5559105277061462, 0.5111821293830872, 0.5335463285446167, 0.504792332649231, 0.5143769979476929, 0.5079872012138367, 0.5079872012138367, 0.4504792392253876, 0.4792332351207733, 0.5175718665122986, 0.49840256571769714, 0.44408944249153137, 0.43130990862846375, 0.530351459980011, 0.49840256571769714, 0.43769967555999756, 0.37380191683769226, 0.4728434383869171, 0.42172524333000183, 0.4696485698223114, 0.5367411971092224, 0.4792332351207733, 0.5143769979476929, 0.48881790041923523, 0.504792332649231, 0.5079872012138367, 0.5367411971092224, 0.49520766735076904, 0.36741214990615845, 0.4472843408584595, 0.49520766735076904, 0.4728434383869171, 0.5143769979476929, 0.49840256571769714, 0.4696485698223114]
