categorical_accuracy:[0.36033395, 0.3720668, 0.40749097, 0.44065884, 0.45329422, 0.4587094, 0.48510832, 0.48601082, 0.48939532, 0.49526173, 0.49684116, 0.5135379, 0.52549636, 0.5189531, 0.5320397, 0.54129064, 0.54873645, 0.5631769, 0.5755866, 0.57490975, 0.5895758, 0.5988267, 0.6114621, 0.63334835, 0.6324459, 0.65320396, 0.6647112, 0.67915165, 0.6949459, 0.70284295, 0.7278881, 0.73037004, 0.7384928, 0.7644404, 0.7633123, 0.7734657, 0.77820396, 0.7937726, 0.80437726, 0.8052798, 0.8224278, 0.8314531, 0.83799636, 0.8515343, 0.8357401, 0.86123645, 0.85988265, 0.8686823, 0.8673285, 0.8659747, 0.8790614, 0.883574, 0.87612814, 0.8856047, 0.8935018, 0.8939531, 0.8912455, 0.90320396, 0.90613717, 0.9025271, 0.9214801, 0.9176444, 0.9217058, 0.92057765, 0.9239621, 0.9217058, 0.9214801, 0.9302798, 0.9217058, 0.928926, 0.9314079, 0.93659747, 0.9447202, 0.9377256, 0.93930507, 0.9424639, 0.9535199, 0.93975633, 0.94133574, 0.9510379]
val_categorical_accuracy:[0.19696970283985138, 0.22121211886405945, 0.24242424964904785, 0.2545454502105713, 0.30000001192092896, 0.4333333373069763, 0.44545453786849976, 0.4424242377281189, 0.3484848439693451, 0.2242424190044403, 0.5515151619911194, 0.5272727012634277, 0.5242424011230469, 0.3424242436885834, 0.44545453786849976, 0.539393961429596, 0.5424242615699768, 0.46666666865348816, 0.4727272689342499, 0.5515151619911194, 0.5181818008422852, 0.38181817531585693, 0.48181816935539246, 0.5515151619911194, 0.3909091055393219, 0.4848484992980957, 0.4787878692150116, 0.3848484754562378, 0.43030303716659546, 0.581818163394928, 0.5787878632545471, 0.5363636612892151, 0.4939393997192383, 0.43939393758773804, 0.5575757622718811, 0.48787879943847656, 0.5151515007019043, 0.5333333611488342, 0.42424243688583374, 0.5060606002807617, 0.4787878692150116, 0.3909091055393219, 0.5484848618507385, 0.5060606002807617, 0.4727272689342499, 0.43030303716659546, 0.4939393997192383, 0.48787879943847656, 0.5484848618507385, 0.5363636612892151, 0.46060606837272644, 0.5242424011230469, 0.5424242615699768, 0.5030303001403809, 0.32121211290359497, 0.5363636612892151, 0.539393961429596, 0.5333333611488342, 0.5030303001403809, 0.5484848618507385, 0.5545454621315002, 0.46666666865348816, 0.49696969985961914, 0.3787878751754761, 0.539393961429596, 0.5303030014038086, 0.5575757622718811, 0.4909090995788574, 0.46060606837272644, 0.5454545617103577, 0.4939393997192383, 0.5121212005615234, 0.4272727370262146, 0.5, 0.5484848618507385, 0.4848484992980957, 0.5181818008422852, 0.5, 0.5545454621315002, 0.5363636612892151]
