categorical_accuracy:[0.37105623, 0.39917696, 0.4373571, 0.45038867, 0.47027892, 0.48331046, 0.4913123, 0.51028806, 0.5137174, 0.52834934, 0.5310928, 0.5377229, 0.5395519, 0.5617284, 0.56744397, 0.58184725, 0.58710563, 0.59236395, 0.61819845, 0.6236854, 0.64037496, 0.65477824, 0.6646091, 0.68541384, 0.6787837, 0.7057613, 0.71559215, 0.7347965, 0.73982626, 0.74485594, 0.7677183, 0.77389115, 0.7850937, 0.78920895, 0.80178326, 0.81527203, 0.81778693, 0.8193873, 0.8358482, 0.8481939, 0.84796524, 0.86213994, 0.8619113, 0.8696845, 0.8747142, 0.8763146, 0.891861, 0.8792867, 0.89231825, 0.88866025, 0.8888889, 0.89231825, 0.9080933, 0.9026063, 0.8930041, 0.916781, 0.9158665, 0.9044353, 0.922268, 0.9188386, 0.92935526, 0.92615455, 0.9314129, 0.92729765, 0.9348422, 0.9373571, 0.93461365, 0.9350709, 0.94055784, 0.9234111, 0.9467307, 0.9412437, 0.93895745, 0.9467307, 0.94261545, 0.9428441, 0.95016, 0.9439872, 0.95587564, 0.9517604, 0.9572474, 0.95404667, 0.9602195, 0.9609054, 0.9565615, 0.9625057, 0.9577046, 0.96570647, 0.957476, 0.96159124, 0.96639234, 0.962963, 0.9691358, 0.9634202, 0.9620485, 0.9645633, 0.9634202, 0.96799266, 0.96867853, 0.97233653]
val_categorical_accuracy:[0.14071856439113617, 0.14071856439113617, 0.37425148487091064, 0.18263472616672516, 0.24850299954414368, 0.5059880018234253, 0.4910179674625397, 0.48203593492507935, 0.23952095210552216, 0.5119760632514954, 0.473053902387619, 0.5209580659866333, 0.359281450510025, 0.470059871673584, 0.458083838224411, 0.5059880018234253, 0.43113771080970764, 0.4371257424354553, 0.538922131061554, 0.45209580659866333, 0.485029935836792, 0.44011977314949036, 0.5179640650749207, 0.5059880018234253, 0.4940119683742523, 0.5359281301498413, 0.488023966550827, 0.413173645734787, 0.29041916131973267, 0.48203593492507935, 0.4940119683742523, 0.5089820623397827, 0.46706587076187134, 0.428143709897995, 0.4790419042110443, 0.401197612285614, 0.470059871673584, 0.544910192489624, 0.443113774061203, 0.5029940009117126, 0.47604790329933167, 0.41017964482307434, 0.488023966550827, 0.46107783913612366, 0.5089820623397827, 0.485029935836792, 0.4910179674625397, 0.5269461274147034, 0.48203593492507935, 0.5628742575645447, 0.36227545142173767, 0.514970064163208, 0.5089820623397827, 0.458083838224411, 0.48203593492507935, 0.47604790329933167, 0.49700599908828735, 0.29041916131973267, 0.5, 0.4940119683742523, 0.473053902387619, 0.5269461274147034, 0.5089820623397827, 0.485029935836792, 0.5029940009117126, 0.455089807510376, 0.5029940009117126, 0.4940119683742523, 0.5059880018234253, 0.523952066898346, 0.488023966550827, 0.488023966550827, 0.4640718698501587, 0.529940128326416, 0.44011977314949036, 0.4910179674625397, 0.46706587076187134, 0.5, 0.5089820623397827, 0.473053902387619, 0.4341317415237427, 0.46107783913612366, 0.514970064163208, 0.4341317415237427, 0.4640718698501587, 0.46706587076187134, 0.48203593492507935, 0.470059871673584, 0.48203593492507935, 0.46107783913612366, 0.455089807510376, 0.45209580659866333, 0.5, 0.4640718698501587, 0.458083838224411, 0.470059871673584, 0.4491018056869507, 0.3772455155849457, 0.45209580659866333, 0.473053902387619]
