accuracy:57.45566783683627
actualdf_whole:68.8027354163654
