loss:[1.3007901511556823, 1.2431262668137257, 1.1829058618272688, 1.1479816470606603, 1.1304801149351233, 1.1048543051944335, 1.0970641454522718, 1.0938610610654964, 1.082061043849309, 1.0712148716101222, 1.0562677006131045, 1.0507523605852294, 1.0304933276408796, 1.0275278215329455, 1.0061639963008486, 0.9948619737868124, 0.9751160151467133, 0.9582766806594378, 0.9369488295349203, 0.9192840096989966, 0.8994191784543228, 0.8789687141489653, 0.8543051385325303, 0.8385662493771829, 0.8116046987210846, 0.7654445934466182, 0.7574636216242504, 0.7435155131212557, 0.6988071765439234, 0.6817525095794688, 0.6460851676292487, 0.6182385837200448, 0.5961641587440223, 0.5643881304913139, 0.5430368170122191, 0.5321749968618275, 0.5200397297640065, 0.5018931855620365, 0.4930930436057175, 0.44897471245080167, 0.4444562068169917, 0.4167584830701058, 0.43009522340102657, 0.399468325614716, 0.3856849971231095, 0.36914182442024346, 0.3452314559668369, 0.36661643655799997, 0.3392280191915825, 0.33554081575487893, 0.32268904763031175, 0.3013945550166127, 0.30990516168228155, 0.28257806495891175, 0.26157080510004216, 0.2529310480552856, 0.2564062371976577, 0.2700512272788309, 0.2477058895235356, 0.22558152032154288, 0.23871758320420033, 0.2122597901228021, 0.2382110585831189, 0.21387080316651225, 0.20718880211888652, 0.22182103947211335, 0.19355092812154673, 0.18847663530386288, 0.19159845858529231, 0.20155630903181138, 0.1976509056652317, 0.17751411615696452, 0.19437418627283326]
val_loss:[2.0234946475666797, 1.897991010337878, 1.334974400556771, 1.5452577217369323, 1.2089237635302696, 1.2754725954335207, 1.8766858084186626, 1.2541049384767082, 1.302912753858384, 2.804256918324027, 1.4049963510719834, 1.198146784381502, 1.1189402835384297, 1.435950931849753, 1.9273455537808168, 1.185736388157887, 2.8245048834260102, 1.3741092545211695, 1.2527784701365574, 1.5194381972786728, 1.21280914279306, 2.4674191004151753, 1.1641716152239756, 1.3860895929822497, 1.2492493975694012, 1.201460133312614, 1.2196129036557144, 1.434218743804154, 1.409331764385199, 1.5750574162051936, 1.3357625144302465, 1.516752169390393, 1.6561055236561284, 1.4790637029963694, 1.4761125080904383, 2.6704120180409427, 1.4709080844927744, 1.5762195875690241, 1.6224559370879155, 1.584549718222041, 1.667636358813875, 1.7682680369942052, 2.978153119421309, 1.8627639029436052, 1.9633952584236292, 1.6639959174356642, 1.8561151088423031, 1.9253372925861625, 1.9829409988063156, 2.469817107650125, 1.8713068476148471, 1.9761524291554833, 1.9530917109957167, 2.114392098347852, 2.226223658604227, 2.0899287940590243, 2.688120277064621, 1.911723906826821, 2.3757893462089976, 2.2167051734438368, 2.4131894126819198, 2.9966823629512906, 2.1635875246327396, 2.2163217781455655, 2.2478719365065265, 2.308404152560386, 2.3375896162288203, 2.4796034955674675, 3.266626178838645, 2.554480636195772, 2.474957121405632, 2.487410079142091, 2.2977580447105845]
