loss:[1.2809777558319213, 1.2263188536711565, 1.180354690229933, 1.1420687561496439, 1.1385110736027344, 1.1140496690442243, 1.1052298549323838, 1.0935953669928862, 1.0808236558204025, 1.0768826431579075, 1.0689673313005703, 1.0540654490715473, 1.040929087986426, 1.023981649535043, 1.0147088567639362, 0.9971686312800988, 0.9827400723914328, 0.9665041221676581, 0.9493761322897921, 0.9406400922715195, 0.9272625543671599, 0.8928440208241963, 0.8706899837380185, 0.8527015267394659, 0.8287282165311721, 0.8094343174965497, 0.7807805041762653, 0.7682983422708458, 0.7457875821131823, 0.7294111481131262, 0.6925219152051498, 0.6687857825254563, 0.6451972886266268, 0.6110044537834965, 0.6069766937479527, 0.5662403158114383, 0.5550758718371526, 0.5359758525114628, 0.5250294193776306, 0.5026365834964005, 0.48479342054998914, 0.46304370691859414, 0.4420002277609468, 0.4356196244099545, 0.4353878966734836, 0.4073072932702484, 0.3912141996776293, 0.40901380344236393, 0.38764261681800216, 0.3479785979196379, 0.3593290615671799, 0.34246139427137856, 0.33098168261474914, 0.32341581340313497, 0.313679025666652, 0.3041206821011478, 0.29159139880179286, 0.27694508883896773, 0.27146140576012356, 0.2671041541614468, 0.25780824787235906, 0.25483440130580265, 0.24623955385958518, 0.25640504861038904, 0.23200651203419415, 0.23675868967118494, 0.2214663622081615, 0.20017341856160636, 0.20859670073497952, 0.21067207505920205, 0.21417740718854425, 0.2213034196397451, 0.20387175031324808, 0.19779473416783813, 0.1933205151014843, 0.18049268929373696, 0.17180442476165309, 0.16926760657096473, 0.16681987123125985, 0.16562896844699426, 0.14676833928083943, 0.1492822872950403]
val_loss:[1.856480697473398, 1.5649413186521195, 1.1882352211985725, 1.1588333906076205, 1.1119156380811819, 1.1950421710364736, 1.7975829622616022, 1.6059086431329623, 1.0675065307952345, 1.092495975022118, 1.5321744486165885, 1.766615258238186, 1.0252865244405338, 1.7718950871842356, 1.1716406798591248, 1.23645149023769, 2.857832324390594, 1.5256220136587613, 1.036057773679971, 1.2565755927905489, 1.047456046072439, 1.0424672439456366, 1.0917132270221892, 1.0857928162946489, 1.0389666732507772, 1.4715402741401722, 1.2482526568939891, 1.0879614457916529, 2.7067641800584883, 1.1131330001087616, 1.2557584013040073, 1.1165893213055766, 1.7620101005505449, 1.1606039951403682, 1.1845811426449127, 1.926147436943298, 2.073463206854872, 1.3136842536469238, 1.3475595757412835, 2.720855585683268, 1.3086308530344368, 2.308521650469722, 1.327532176582958, 1.8309366040336439, 1.3839968815207861, 1.7533463422482767, 1.659158512807121, 1.6682635759012387, 1.920760681453985, 1.4495549544739648, 1.7860273939732927, 1.6980079069686012, 1.656005876704146, 1.6715352085832589, 2.2493625719326373, 1.9155174345254136, 1.6843261463573564, 1.7624219118977507, 1.9855550980796448, 2.913650725596248, 2.109463113184554, 2.2620504252826823, 2.1859805926728173, 2.367266524714022, 2.2060101089386133, 2.18772923298918, 1.9240690146010524, 1.8512599852900156, 2.039735319134526, 2.0835065512230604, 2.2670352447528046, 2.113450880819997, 2.027344657590214, 2.112437511023622, 2.353469304002512, 3.1446472402578727, 2.254309997010155, 2.319407352624229, 2.3739223678271992, 2.278776392007407, 2.0931605847118, 3.182903847374474]
