loss:[1.2969349065296323, 1.2403748177159615, 1.194155779663176, 1.1609407749385232, 1.1294694186124132, 1.11815953608344, 1.109825442584706, 1.091580997491105, 1.0762614986792995, 1.0667790623788644, 1.0558037614247886, 1.0429132142156925, 1.03497254030085, 1.006501092399134, 0.9908589833323103, 0.9707228798951906, 0.9515772075321383, 0.9368379670507557, 0.913968079630476, 0.8853608281212955, 0.8494809700646545, 0.8361337223115849, 0.7873529089421244, 0.7553298257377695, 0.7460528391007538, 0.7235091771556995, 0.6672425559364304, 0.644935756102018, 0.6240590321093588, 0.6011663284063827, 0.5630128778065029, 0.5484038883717284, 0.5264954538501428, 0.49870536605264143, 0.4819615529488097, 0.4462493121095559, 0.4482852645382661, 0.42367577314322635, 0.40668012555769073, 0.38843914438957894, 0.35809517289514187, 0.3535225810002511, 0.3341979381305897, 0.31031448796652317, 0.33329791820409704, 0.3270859522192444, 0.30984168841327203, 0.27803617174529466, 0.27690704150290946, 0.2701883731470457, 0.25931789912833875, 0.26120997428433357, 0.24349005968496457, 0.26657166296608154, 0.24710603293084807, 0.22187506586184527, 0.25558386964943225, 0.21220188615511265, 0.18739569638280956, 0.18974798358341705, 0.18692976676027567, 0.1938456514239257, 0.18398182095113358, 0.17022397817383708, 0.17325555250153646, 0.19641091486396342, 0.1736198119847957, 0.1733296428770877, 0.15677836285508148, 0.14574486822072796, 0.16760615262965717, 0.1431308729168867, 0.16051332866821702]
val_loss:[2.1186897492903984, 1.3127320796162862, 2.027431053648363, 1.3426659347749252, 1.4211333990097046, 1.4367699170324852, 1.1116376083222623, 1.521344930906324, 2.1257718585718988, 1.1159539818763733, 1.4175352188882913, 1.2631189207648665, 1.5940940949612625, 1.581787861065624, 1.104423244469951, 1.5770637607008484, 1.1362769481247894, 1.0349911107330718, 3.1366808945064375, 1.992787641304537, 1.2109931587111702, 1.1620118285498917, 1.1029399184161903, 1.1321165829631625, 1.152732425698187, 1.3057967901937333, 1.194706147962225, 1.1780623972239055, 1.222630548901657, 1.2277857089962378, 1.2450218492074254, 1.3120576239132962, 1.3223265347565671, 1.5696822477156402, 1.4478088245901226, 1.4262610981655404, 3.1716192497343973, 1.396840459379735, 1.5136154794551497, 1.4796371827847172, 1.5882494442540742, 1.4942879174512642, 1.7576198843183433, 2.028697832147605, 3.492016450587649, 2.071827257510816, 1.9962643586563427, 1.9537351907007066, 1.8257636274003841, 2.1304776698395123, 5.679728925404987, 2.1648828599944667, 1.9955966635344644, 1.9469878765525026, 2.000099820270029, 1.823328824708299, 1.9373070733837274, 1.7948577181499683, 1.7657716346777512, 4.563188250057775, 2.0995782433348524, 1.952833497559635, 4.711092629135539, 1.968105583587103, 2.0699307883174907, 1.968957565658524, 2.5087118162953184, 2.619681760359235, 2.1962310652350814, 2.1328266340830204, 2.212766956504799, 3.7236227720356836, 2.3584275033424444]
