loss:[1.3224977091331345, 1.2935092939796862, 1.2336976683096765, 1.1794573671120598, 1.1646109617143763, 1.139685083812755, 1.1220724528877313, 1.109748114532512, 1.1049632361219248, 1.0935421144919275, 1.0873909123537773, 1.07181890712318, 1.0588782797651601, 1.0496475130642364, 1.0428635303724543, 1.0290897910345331, 1.0108572571716583, 0.994372688475929, 0.9802288877834913, 0.9686117675760593, 0.9443770997791083, 0.9348067705812007, 0.9024315506542633, 0.8717988777892254, 0.8515513673801285, 0.8321329211069789, 0.8016645333827187, 0.7785211097892871, 0.7411767804880866, 0.7152363976416605, 0.6728725574829949, 0.661739952942955, 0.6308257824031885, 0.5979465658268773, 0.5902091483131643, 0.5592867380230006, 0.5496268353630059, 0.5264204302634573, 0.49885418327921993, 0.49118830247476214, 0.4513073402191327, 0.42976517867740743, 0.4157234774599867, 0.3930764020376903, 0.4167733642975346, 0.35614956476950904, 0.3706589288175752, 0.34684393143395653, 0.3410062068259673, 0.33810823133706186, 0.33671583783970843, 0.300722232767606, 0.31027605168736583, 0.2933587179475528, 0.2868453262084658, 0.2883856647012466, 0.2714945896922036, 0.25017820612026465, 0.24868755909657972, 0.25444816639949486, 0.2192821401551312, 0.21688902546863478, 0.20566897852756486, 0.21481042658567212, 0.206109927933569, 0.2091959279117978, 0.20449772519513373, 0.1816588535514872, 0.1957093108653861, 0.1925755299439499, 0.18950201046488346, 0.17494298785669385, 0.1589838638262897, 0.17297496353460995, 0.15820182079032385, 0.15194717869969482, 0.1348098112784649, 0.17109988656715366, 0.15353751857680964, 0.139843507725342]
val_loss:[1.5272324590971975, 1.7274042642477787, 1.7392533959764422, 1.6694372220472855, 1.5196411761370572, 1.221755701122862, 1.156860241022977, 1.2041500337196118, 1.4382502107909232, 2.058212543256355, 1.0438655296961465, 1.0905422990972347, 1.030578605333964, 1.6404284144892838, 1.2438401381174724, 1.0309155962683938, 1.0208822293715043, 1.2023564826358448, 1.2141053734403668, 1.0196804812460234, 1.1611315965652467, 1.436011317282012, 1.1840618588707663, 1.0214075883229574, 1.475557770873561, 1.2423943888057363, 1.168402978145715, 1.595539559017528, 1.4791937177831476, 1.119937344753381, 1.1466872627084905, 1.1765151500701905, 1.3694602807362874, 1.5344218745376124, 1.2412994196920684, 1.485574535890059, 1.4807447968107281, 1.2340183489250414, 1.931609939806389, 1.5305043581760291, 1.7390902186885024, 2.013165817838727, 1.4263626272028143, 1.600836995153716, 1.5095140139261882, 2.029047142375599, 1.7135596838864413, 1.6499901034615256, 1.6477247902841279, 1.6492042642651181, 2.0620643890265264, 1.8169095877445105, 1.5592650052272912, 1.857212988535563, 3.1134597287033543, 1.9211454651572488, 1.777837918021462, 2.008067581870339, 1.7919320453297007, 1.9452724630182439, 1.9138299132838394, 2.045833798610803, 1.9270353143865413, 2.819083658854167, 2.13254039070823, 1.9837989258043693, 2.0449279264970257, 2.427006131952459, 2.2756628585584235, 2.1975261746030865, 2.4387710137800735, 2.3461978767857405, 2.57906712474245, 2.2622608531605115, 2.311091105143229, 2.366053514769583, 2.424811467257413, 2.632779618465539, 2.300306039867979, 2.3542709812973484]
