accuracy:51.755056704843724
actualdf_whole:64.99813603510407
