accuracy:51.19449733600347
actualdf_whole:65.20867497921566
