accuracy:51.49014411002264
actualdf_whole:59.088528862586955
