categorical_accuracy:[0.3513946, 0.3872885, 0.42409694, 0.43209878, 0.4352995, 0.44947416, 0.4583905, 0.4663923, 0.4631916, 0.48331046, 0.48079562, 0.47736627, 0.48102424, 0.49428442, 0.51143116, 0.5173754, 0.5096022, 0.515775, 0.5265204, 0.5258345, 0.5347508, 0.5310928, 0.5365798, 0.5349794, 0.54572475, 0.5507545, 0.5614998, 0.5598994, 0.5587563, 0.56310016, 0.5578418, 0.5683585, 0.5644719, 0.5695016, 0.5708733, 0.5685871, 0.58070415, 0.58550525, 0.5745313, 0.59510744, 0.58139, 0.5877915, 0.58276176, 0.58802015, 0.59487885, 0.59122086, 0.5962506, 0.59762233, 0.6047096, 0.59922266, 0.6005944, 0.62208503, 0.6042524, 0.61568356, 0.6138546, 0.6111111, 0.61568356, 0.6248285, 0.61728394, 0.60882485, 0.6083676, 0.6225423, 0.62505716, 0.62871516, 0.62505716, 0.61705536, 0.6232282, 0.62620026, 0.6234568, 0.6291724, 0.6284865, 0.6332876, 0.6390032, 0.63580245, 0.6440329, 0.64723366, 0.6424326, 0.63374484, 0.647005, 0.647005, 0.6339735, 0.64540464, 0.6492913, 0.64791954, 0.64471877, 0.6476909, 0.64906263, 0.6481481, 0.65477824, 0.6458619, 0.6570645, 0.6504344, 0.6563786, 0.6566072, 0.6602652, 0.6550069, 0.65683585, 0.65797895, 0.659808, 0.668267, 0.6630087, 0.6634659, 0.66735256, 0.65889347, 0.66483766, 0.6586648, 0.6746685, 0.67055327, 0.66438043, 0.67695475, 0.67809784, 0.65592134, 0.67238224, 0.6575217, 0.6623228, 0.6678098, 0.68495655, 0.66735256, 0.67535436, 0.6815272, 0.67535436, 0.68587106, 0.67924094]
val_categorical_accuracy:[0.15868262946605682, 0.3203592896461487, 0.36826348304748535, 0.41017964482307434, 0.2215568870306015, 0.4371257424354553, 0.41017964482307434, 0.40419161319732666, 0.458083838224411, 0.36227545142173767, 0.3203592896461487, 0.4491018056869507, 0.23053891956806183, 0.21556885540485382, 0.3083832263946533, 0.15568862855434418, 0.4491018056869507, 0.21556885540485382, 0.4640718698501587, 0.3083832263946533, 0.21556885540485382, 0.35329341888427734, 0.39520958065986633, 0.284431129693985, 0.40419161319732666, 0.398203581571579, 0.272455096244812, 0.30239519476890564, 0.473053902387619, 0.41017964482307434, 0.359281450510025, 0.341317355632782, 0.458083838224411, 0.46706587076187134, 0.46107783913612366, 0.2365269511938095, 0.33832335472106934, 0.3652694523334503, 0.40419161319732666, 0.413173645734787, 0.3772455155849457, 0.19760479032993317, 0.28143712878227234, 0.523952066898346, 0.488023966550827, 0.428143709897995, 0.21257485449314117, 0.36227545142173767, 0.398203581571579, 0.428143709897995, 0.2934131622314453, 0.455089807510376, 0.3802395164966583, 0.5059880018234253, 0.3353293538093567, 0.37425148487091064, 0.473053902387619, 0.4341317415237427, 0.34730538725852966, 0.488023966550827, 0.523952066898346, 0.5119760632514954, 0.44011977314949036, 0.37425148487091064, 0.32335329055786133, 0.416167676448822, 0.344311386346817, 0.38922154903411865, 0.455089807510376, 0.488023966550827, 0.39520958065986633, 0.455089807510376, 0.5269461274147034, 0.38922154903411865, 0.5089820623397827, 0.4790419042110443, 0.49700599908828735, 0.4790419042110443, 0.329341322183609, 0.46706587076187134, 0.5089820623397827, 0.38922154903411865, 0.428143709897995, 0.5119760632514954, 0.49700599908828735, 0.470059871673584, 0.43113771080970764, 0.398203581571579, 0.4910179674625397, 0.38323354721069336, 0.41916167736053467, 0.41916167736053467, 0.514970064163208, 0.5029940009117126, 0.485029935836792, 0.4790419042110443, 0.4371257424354553, 0.416167676448822, 0.39520958065986633, 0.41916167736053467, 0.4221556782722473, 0.5179640650749207, 0.5029940009117126, 0.314371258020401, 0.29640719294548035, 0.4790419042110443, 0.5, 0.47604790329933167, 0.413173645734787, 0.5179640650749207, 0.5059880018234253, 0.34730538725852966, 0.4491018056869507, 0.416167676448822, 0.34730538725852966, 0.5059880018234253, 0.46107783913612366, 0.43113771080970764, 0.5029940009117126, 0.4640718698501587, 0.401197612285614, 0.485029935836792, 0.4341317415237427]
