categorical_accuracy:[0.34250903, 0.38176894, 0.41606498, 0.4354693, 0.42170578, 0.44020757, 0.4490072, 0.45712996, 0.4695397, 0.46322203, 0.47472924, 0.4751805, 0.4745036, 0.4900722, 0.49616426, 0.5056408, 0.5157942, 0.50970215, 0.5074459, 0.521435, 0.5203069, 0.53249097, 0.53294224, 0.525722, 0.53271663, 0.5424188, 0.54151624, 0.54715705, 0.54016244, 0.54422385, 0.5469314, 0.54873645, 0.5595668, 0.5595668, 0.56768954, 0.56159747, 0.5715253, 0.5694946, 0.5640794, 0.571074, 0.56791514, 0.57648915, 0.58935016, 0.5803249, 0.5823556, 0.5755866, 0.5841606, 0.5825812, 0.58799636, 0.59115523, 0.5918321, 0.6019856, 0.59769857, 0.5943141, 0.6049188, 0.599278, 0.59363717, 0.6049188, 0.6116877, 0.60807765, 0.6094314, 0.6157491]
val_categorical_accuracy:[0.32121211290359497, 0.2030303031206131, 0.35151514410972595, 0.4212121069431305, 0.35151514410972595, 0.3484848439693451, 0.30000001192092896, 0.3181818127632141, 0.4000000059604645, 0.40909090638160706, 0.21212121844291687, 0.5363636612892151, 0.24848484992980957, 0.4575757682323456, 0.3030303120613098, 0.21515151858329773, 0.3757575750350952, 0.4212121069431305, 0.31515151262283325, 0.3969697058200836, 0.2757575809955597, 0.4939393997192383, 0.38787877559661865, 0.4515151381492615, 0.2242424190044403, 0.32121211290359497, 0.3545454442501068, 0.37272727489471436, 0.41818180680274963, 0.33030304312705994, 0.23030303418636322, 0.4121212065219879, 0.44545453786849976, 0.38181817531585693, 0.4000000059604645, 0.3757575750350952, 0.28484848141670227, 0.5181818008422852, 0.2757575809955597, 0.5030303001403809, 0.38787877559661865, 0.3909091055393219, 0.3909091055393219, 0.24848484992980957, 0.38787877559661865, 0.42424243688583374, 0.25151515007019043, 0.40303030610084534, 0.3333333432674408, 0.23333333432674408, 0.46060606837272644, 0.4787878692150116, 0.5333333611488342, 0.5242424011230469, 0.3030303120613098, 0.35757574439048767, 0.3848484754562378, 0.3909091055393219, 0.26363635063171387, 0.3787878751754761, 0.4333333373069763, 0.35757574439048767]
