categorical_accuracy:[0.34257784, 0.39190724, 0.4305524, 0.41986814, 0.43282565, 0.44714707, 0.4555581, 0.46828824, 0.46396908, 0.4753353, 0.48238236, 0.49443054, 0.49192998, 0.49238464, 0.5064787, 0.50261426, 0.5180723, 0.5189816, 0.5210275, 0.5239827, 0.52239144, 0.53716755, 0.5394408, 0.53284836, 0.5433053, 0.5367129, 0.5619459, 0.55671746, 0.5612639, 0.56876564, 0.5649011, 0.5605819, 0.56262785, 0.5733121, 0.5649011, 0.57740396, 0.5805865, 0.57263017, 0.5860423, 0.5860423, 0.5853603, 0.5826324, 0.5842237, 0.5939986, 0.5874062, 0.59195274, 0.59695387, 0.5917254, 0.5992271, 0.60604686, 0.59058875, 0.6033189, 0.60240966, 0.6080927, 0.60104567, 0.6158218, 0.6099113, 0.61263925, 0.6092294, 0.6112753, 0.6121846, 0.6178677, 0.6169584, 0.6121846, 0.61809504, 0.61673105, 0.6301432, 0.6130939, 0.6205956, 0.63332576, 0.62105024, 0.62968856, 0.634235, 0.6312798, 0.62786996, 0.6253694, 0.63037056, 0.6317345, 0.6346897, 0.6312798, 0.65219367, 0.6449193, 0.6487838, 0.65583086, 0.6385542, 0.6456013, 0.6426461, 0.64992046, 0.6396908, 0.652421, 0.63878155, 0.643328, 0.64992046, 0.65219367, 0.6392362, 0.6635599, 0.65196633, 0.6628779, 0.66060466, 0.6551489, 0.6556035, 0.6553762, 0.6635599]
val_categorical_accuracy:[0.23442137241363525, 0.3086053431034088, 0.31157270073890686, 0.40652820467948914, 0.36201781034469604, 0.4688427448272705, 0.3976261019706726, 0.3798219561576843, 0.21364985406398773, 0.2759643793106079, 0.40059345960617065, 0.3976261019706726, 0.4094955623149872, 0.4688427448272705, 0.4154302775859833, 0.3827893137931824, 0.16320474445819855, 0.3798219561576843, 0.3471810221672058, 0.3145400583744049, 0.42136499285697937, 0.2818991243839264, 0.41246291995048523, 0.24629080295562744, 0.4243323504924774, 0.33531156182289124, 0.32344213128089905, 0.4925816059112549, 0.16320474445819855, 0.21364985406398773, 0.21364985406398773, 0.45697328448295593, 0.4688427448272705, 0.43916913866996765, 0.35608309507369995, 0.2967359125614166, 0.32344213128089905, 0.4480712115764618, 0.459940642118454, 0.3709198832511902, 0.21068249642848969, 0.48961424827575684, 0.2640949487686157, 0.47181010246276855, 0.22255192697048187, 0.40652820467948914, 0.36201781034469604, 0.359050452709198, 0.42136499285697937, 0.30563798546791077, 0.3709198832511902, 0.35014837980270386, 0.5133531093597412, 0.4866468906402588, 0.3264094889163971, 0.4540059268474579, 0.32344213128089905, 0.4747774600982666, 0.38872402906417847, 0.31157270073890686, 0.32344213128089905, 0.35014837980270386, 0.4480712115764618, 0.4302670657634735, 0.32937684655189514, 0.42729970812797546, 0.459940642118454, 0.3976261019706726, 0.4243323504924774, 0.4421364963054657, 0.48367953300476074, 0.45103856921195984, 0.498516321182251, 0.40059345960617065, 0.49554896354675293, 0.43916913866996765, 0.4925816059112549, 0.48961424827575684, 0.4658753573894501, 0.48961424827575684, 0.3916913866996765, 0.3798219561576843, 0.4154302775859833, 0.3827893137931824, 0.459940642118454, 0.4480712115764618, 0.21958456933498383, 0.36795252561569214, 0.462907999753952, 0.4688427448272705, 0.4302670657634735, 0.3264094889163971, 0.3471810221672058, 0.4747774600982666, 0.4094955623149872, 0.21364985406398773, 0.4658753573894501, 0.48961424827575684, 0.5103857517242432, 0.45103856921195984, 0.4362017810344696, 0.4540059268474579, 0.45697328448295593]
