accuracy:49.94922975900247
actualdf_whole:54.37556616684274
