accuracy:51.82817460553218
actualdf_whole:68.27060280467192
