categorical_accuracy:[0.3424072, 0.39145106, 0.40854892, 0.4303712, 0.44611925, 0.43959504, 0.46006748, 0.463892, 0.4623172, 0.47334084, 0.46906638, 0.48841396, 0.49178854, 0.4911136, 0.4888639, 0.49493814, 0.511811, 0.5127109, 0.51721036, 0.520135, 0.5349831, 0.52913386, 0.53700787, 0.5401575, 0.5399325, 0.544207, 0.54690665, 0.55185604, 0.5527559, 0.5478065, 0.5534308, 0.55253094, 0.55230594, 0.55388075, 0.5633296, 0.568054, 0.5655793, 0.5694038, 0.58020246, 0.575703, 0.5853768, 0.5876266, 0.58942634, 0.5743532, 0.58222723, 0.5932509, 0.5905512, 0.5871766, 0.5961755, 0.59955007, 0.5961755, 0.6047244, 0.61147356, 0.6112486, 0.6006749, 0.6008999, 0.61057365, 0.61012375, 0.61079866, 0.615973, 0.6182227, 0.6123735, 0.61484814, 0.6132733, 0.61484814, 0.6296963, 0.62069744, 0.6175478, 0.6278965, 0.63127106, 0.6272216, 0.6323959, 0.62564677, 0.6222722, 0.6188976]
val_categorical_accuracy:[0.21405750513076782, 0.42172524333000183, 0.35463258624076843, 0.3258785903453827, 0.42492014169692993, 0.3258785903453827, 0.35463258624076843, 0.29712459444999695, 0.415335476398468, 0.30670925974845886, 0.4536741077899933, 0.36421725153923035, 0.42172524333000183, 0.22364217042922974, 0.43769967555999756, 0.3290734887123108, 0.23322683572769165, 0.24920128285884857, 0.194888174533844, 0.3865814805030823, 0.3162939250469208, 0.42811501026153564, 0.21405750513076782, 0.4089456796646118, 0.5175718665122986, 0.5143769979476929, 0.23003195226192474, 0.48881790041923523, 0.504792332649231, 0.4728434383869171, 0.3865814805030823, 0.504792332649231, 0.28753992915153503, 0.37699681520462036, 0.48881790041923523, 0.49201276898384094, 0.29712459444999695, 0.5079872012138367, 0.4632587730884552, 0.3865814805030823, 0.30351439118385315, 0.4472843408584595, 0.4760383367538452, 0.49520766735076904, 0.42172524333000183, 0.3929712474346161, 0.1980830729007721, 0.4504792392253876, 0.30351439118385315, 0.402555912733078, 0.504792332649231, 0.49520766735076904, 0.5015974640846252, 0.3865814805030823, 0.2747603952884674, 0.3162939250469208, 0.4696485698223114, 0.504792332649231, 0.3226836919784546, 0.43130990862846375, 0.22364217042922974, 0.29392972588539124, 0.48562300205230713, 0.48562300205230713, 0.4664536714553833, 0.48562300205230713, 0.42811501026153564, 0.5015974640846252, 0.49201276898384094, 0.2523961663246155, 0.42492014169692993, 0.44408944249153137, 0.3482428193092346, 0.36741214990615845, 0.43769967555999756]
