loss:[1.4504791489577036, 1.2850579559157471, 1.2304505867217852, 1.2073514945670585, 1.1952724482608617, 1.1894099187334521, 1.1726014342979403, 1.1605422785135813, 1.1583731882408639, 1.1546461119548508, 1.137550339371719, 1.1273495105199436, 1.1265429953375448, 1.1105304993016625, 1.1079412356610763, 1.1011985744810278, 1.0879357151606452, 1.0819066317503203, 1.084246647271869, 1.066528821034552, 1.069305223248065, 1.0477143145210046, 1.0546310998042137, 1.0490362334337475, 1.0424146004532218, 1.0364692342410449, 1.030745164582015, 1.0190061761153735, 1.0155348822958632, 1.011940761593705, 1.013688477368131, 1.0079701592345531, 0.9940880472479314, 0.995600147045046, 0.9941713459224908, 0.9853761970781677, 0.976928779364493, 0.9804879917564805, 0.9811519558679326, 0.9743535163600522, 0.9646228990830239, 0.9766605713737571, 0.954592684330923, 0.9583118637546305, 0.9497133938844453, 0.9584751421794134, 0.9449187646273671, 0.9415903121555755, 0.9420324178809293, 0.930485987383536, 0.9318982908226523, 0.9230722952835827, 0.9206752282187396, 0.9238957807905838, 0.9206552266644227, 0.910048772281688, 0.921377646686368, 0.9032997492203213, 0.8962733129086478, 0.9150329756177289, 0.8950668745522895, 0.8943845673803819]
val_loss:[1.5897436561006488, 3.8985900272022596, 1.470392436692209, 1.1820554169741544, 1.6591971484097567, 1.5363137331875887, 1.5579733783548528, 1.8388719804359206, 1.231824686310508, 1.1475507324392145, 3.927881521167177, 1.0778666026664503, 2.041801613027399, 1.2824466401880437, 1.6823382890585696, 6.753601276513302, 1.6029891115246397, 1.397747177066225, 1.5436940662788623, 1.8929757465015757, 2.7310352780602196, 1.1501608003269543, 1.2616979938564878, 1.1833900372187296, 3.3351009094353876, 1.7379935069517656, 1.8752785003546513, 1.9335742256858133, 1.2528479518312396, 1.6863695404746315, 4.6875540762236625, 1.3300115086815574, 1.2920092734423552, 1.3855016896218963, 1.766285108797478, 1.3992170211040613, 2.3818159247889663, 1.1020989779270056, 2.0950670661348285, 1.1044343384829434, 2.16355134862842, 1.8916445500922925, 1.7236089901490645, 5.909111765659216, 1.6734414534135298, 1.547482648040309, 2.689102925676288, 1.343349214033647, 1.7007061467026219, 4.4205368475480515, 1.4076128164927164, 1.3505011262315691, 1.0846504760510993, 1.093106282118595, 1.825855219002926, 2.066159335049716, 1.7257041685508958, 1.545210920680653, 4.894542220144561, 2.6963850700494016, 1.3109277349529844, 2.1582899845007693]
