loss:[1.4491632338718032, 1.2732365289072352, 1.2339229801508385, 1.2080225555647344, 1.1837757165842302, 1.1780893164356863, 1.1580199279988979, 1.1481678503838915, 1.1518441255771135, 1.144182864458408, 1.141942165699799, 1.1194651848553807, 1.1158750305025595, 1.1069614638091474, 1.1111909101194417, 1.1040575090221667, 1.0929941524134443, 1.0757730588065493, 1.0692512646837096, 1.061907220074511, 1.056522124583327, 1.054971784762242, 1.0504756254339915, 1.0398643115508142, 1.0279293659969713, 1.0254344568209655, 1.0177500593648852, 1.0202742903251347, 1.011812205657916, 1.0063433730427942, 1.000161759282124, 0.9990524317738175, 0.9974834595810039, 0.9990534068360774, 0.9928251906508669, 0.9882261196861654, 0.9774663521548894, 0.9764423085680426, 0.9710056470805534, 0.9651071800289862, 0.9547913789749145, 0.9487810455639799, 0.9593305949419234, 0.9654052543961962, 0.9603882521692626, 0.9363718520937943, 0.9366599152541402, 0.9339249844492086, 0.9216398897133474, 0.9185127500071703, 0.9283725687569789, 0.9180242286624201, 0.918778035758719, 0.9131381075079181, 0.9150279766529027, 0.913432260948842, 0.8987526047484545, 0.8943527396001483, 0.9141253001376132, 0.904181298268257, 0.8937757722036106, 0.89811661980954, 0.8935408409186235, 0.9042978488151885, 0.8877986457001908, 0.8719296661619395, 0.8884399266425348, 0.885824734448582, 0.876516018983886, 0.8707864895848509, 0.8640097405966811, 0.868087277637692, 0.8749063999768183, 0.868889367406092, 0.8729152185442209]
val_loss:[1.8574866738182287, 1.2542180150461655, 1.8659293727752881, 1.2970437390354876, 1.1768360103662021, 2.0093863520759365, 3.0592382434077154, 1.9916088855304657, 1.1981122608002002, 1.8559827393236252, 1.241977141307185, 1.3296399790638933, 1.2137203803077674, 4.4613394478258614, 1.2583452162270348, 2.269008891651044, 1.9966871776519872, 2.2394477955449505, 5.778411600917292, 1.64064347705902, 1.8024155522306886, 1.3538923025512086, 2.8174822863679343, 1.345946576648627, 1.1024584099888421, 1.1322699471022755, 4.479880502810493, 1.1850739431838258, 1.134271363099924, 1.1289659818521323, 1.337791654248588, 1.1079241075454809, 8.120519305951298, 1.9516083329630356, 1.2174784181217035, 1.1826090797448692, 1.8600649970788925, 1.125582659968172, 1.2143120472423565, 2.0206647993276676, 2.529248083742282, 1.27837836628143, 1.1633505539391369, 1.1574146130595344, 1.418060541152954, 1.5201504089580937, 6.667618157383733, 1.3737958997202377, 4.630119853888076, 1.4317541682301238, 1.1805021839019971, 1.216096340657804, 1.209616626032625, 1.5832264111064875, 1.9471902713988916, 3.3429586323686302, 1.3303022415112382, 1.1572455986620138, 2.102304446430633, 1.4174830494597317, 4.770128490825812, 2.1686694842938796, 1.1797078021418173, 1.2028740263594606, 1.2635921253183018, 1.2336041188468567, 1.7799132548201198, 1.2232954723004716, 1.2939125897404484, 3.5513568789052505, 1.298119252101301, 1.2555221654355717, 1.7916342960759855, 1.6406595150883587, 1.8430832395919214]
